PIVlab, ASCII chart output - 16-Oct-2021
FRAME: 300, filenames: MEAN of frames 1:299 & MEAN of frames 1:299, conversion factor xy (px -> m): 0.0002046, conversion factor uv (px/frame -> m/s): 0.01023
x [m],y [m],u [m/s],v [m/s],Vector type [-]
-0.07502765369,-0.05605908673,-0.009366597052,0.01388553396,2
-0.07502765369,-0.05278551192,-0.006069973773,0.01308983924,2
-0.07502765369,-0.04951193711,-0.002140261367,0.008950734082,1
-0.07502765369,-0.0462383623,-0.003092153593,0.00590835708,1
-0.07502765369,-0.04296478749,-0.005429115233,0.007448100087,1
-0.07502765369,-0.03969121268,-0.008838539308,0.009458357781,1
-0.07502765369,-0.03641763787,-0.008244724438,0.01118548414,1
-0.07502765369,-0.03314406306,-0.008446975029,0.01374397107,1
-0.07502765369,-0.02987048825,-0.005007878137,0.01632142656,1
-0.07502765369,-0.02659691344,-0.002032200626,0.01569682271,1
-0.07502765369,-0.02332333863,-2.427203372e-05,0.01350944257,1
-0.07502765369,-0.02004976382,-0.001325715502,0.01674954349,1
-0.07502765369,-0.01677618901,-0.003700384991,0.02257631448,1
-0.07502765369,-0.0135026142,-0.006480885302,0.0238101479,1
-0.07502765369,-0.01022903939,-0.007561167782,0.02467671228,1
-0.07502765369,-0.006955464581,-0.006337811905,0.02573472423,1
-0.07502765369,-0.003681889771,-0.004473021295,0.02835753225,1
-0.07502765369,-0.0004083149614,-0.00325396599,0.02711050687,1
-0.07502765369,0.002865259848,-0.003223787536,0.02556487859,1
-0.07502765369,0.006138834658,-0.001484564518,0.02333731721,1
-0.07502765369,0.009412409467,0.002988595199,0.02303984027,1
-0.07502765369,0.01268598428,0.004996476872,0.02548221086,1
-0.07502765369,0.01595955909,0.005705805303,0.02885074061,1
-0.07502765369,0.0192331339,0.007376207149,0.02909043216,1
-0.07502765369,0.02250670871,0.009369484657,0.02937572017,1
-0.07502765369,0.02578028352,0.008751853762,0.02951555674,1
-0.07502765369,0.02905385833,0.007359656081,0.02803660395,1
-0.07502765369,0.03232743314,0.007261404005,0.02670806224,1
-0.07502765369,0.03560100794,0.006094063519,0.02201634287,1
-0.07502765369,0.03887458275,0.006791213262,0.01646847384,1
-0.07502765369,0.04214815756,0.006416936247,0.01505185638,1
-0.07502765369,0.04542173237,0.005825409747,0.01156723521,1
-0.07502765369,0.04869530718,0.005483353062,0.01214777111,1
-0.07502765369,0.05196888199,0.005992155461,0.01304720454,2
-0.07175407888,-0.05605908673,-0.01330893667,0.01339405945,2
-0.07175407888,-0.05278551192,-0.005125412505,0.01388971233,2
-0.07175407888,-0.04951193711,-0.004722507179,0.009563671089,1
-0.07175407888,-0.0462383623,-0.005218888999,0.006553187674,1
-0.07175407888,-0.04296478749,-0.004700754817,0.008173104767,1
-0.07175407888,-0.03969121268,-0.007001597329,0.01266654942,1
-0.07175407888,-0.03641763787,-0.008116528614,0.01384496746,1
-0.07175407888,-0.03314406306,-0.007531140678,0.01494152951,1
-0.07175407888,-0.02987048825,-0.007000197941,0.01674588222,1
-0.07175407888,-0.02659691344,-0.004709757141,0.01756572374,1
-0.07175407888,-0.02332333863,-0.005407935111,0.01937131346,1
-0.07175407888,-0.02004976382,-0.006995126156,0.02199465876,1
-0.07175407888,-0.01677618901,-0.008549048091,0.02581157949,1
-0.07175407888,-0.0135026142,-0.008843318463,0.02756335626,1
-0.07175407888,-0.01022903939,-0.008243001902,0.02844404914,1
-0.07175407888,-0.006955464581,-0.007886675223,0.03101539106,1
-0.07175407888,-0.003681889771,-0.004931973921,0.03248220916,1
-0.07175407888,-0.0004083149614,-0.003267103367,0.03132365335,1
-0.07175407888,0.002865259848,-0.002949978642,0.03181883909,1
-0.07175407888,0.006138834658,-0.002960764578,0.03019210106,1
-0.07175407888,0.009412409467,-0.001603277577,0.03045938043,1
-0.07175407888,0.01268598428,0.001181469191,0.03121348305,1
-0.07175407888,0.01595955909,0.002403952008,0.03124689085,1
-0.07175407888,0.0192331339,0.004396469257,0.03184867693,1
-0.07175407888,0.02250670871,0.006079271958,0.0301464385,1
-0.07175407888,0.02578028352,0.006098701523,0.03029979287,1
-0.07175407888,0.02905385833,0.006193851716,0.03027559194,1
-0.07175407888,0.03232743314,0.005024527145,0.02581780441,1
-0.07175407888,0.03560100794,0.00581561128,0.02239894602,1
-0.07175407888,0.03887458275,0.005740438262,0.01816025546,1
-0.07175407888,0.04214815756,0.004788990354,0.01707253585,1
-0.07175407888,0.04542173237,0.005794758843,0.01546481239,1
-0.07175407888,0.04869530718,0.006877674513,0.01271847109,1
-0.07175407888,0.05196888199,0.006777347422,0.01209256261,1
-0.06848050407,-0.05605908673,-0.004900559669,0.01397265126,1
-0.06848050407,-0.05278551192,-0.005987233031,0.009711937232,1
-0.06848050407,-0.04951193711,-0.005439174763,0.008582513992,1
-0.06848050407,-0.0462383623,-0.005092550807,0.008650734291,1
-0.06848050407,-0.04296478749,-0.004287014391,0.009503349986,1
-0.06848050407,-0.03969121268,-0.005415244647,0.01170480886,1
-0.06848050407,-0.03641763787,-0.007001485818,0.01407325122,1
-0.06848050407,-0.03314406306,-0.008248241103,0.0156720292,1
-0.06848050407,-0.02987048825,-0.007607888432,0.01699757534,1
-0.06848050407,-0.02659691344,-0.00970249935,0.01933420509,1
-0.06848050407,-0.02332333863,-0.01087466532,0.02167800304,1
-0.06848050407,-0.02004976382,-0.010852031,0.02485879991,1
-0.06848050407,-0.01677618901,-0.0114049317,0.02862163295,1
-0.06848050407,-0.0135026142,-0.01155643326,0.03064097678,1
-0.06848050407,-0.01022903939,-0.01132589876,0.03183579598,1
-0.06848050407,-0.006955464581,-0.009734208911,0.033697904,1
-0.06848050407,-0.003681889771,-0.00650487106,0.03502122831,1
-0.06848050407,-0.0004083149614,-0.004596875651,0.03554277999,1
-0.06848050407,0.002865259848,-0.003858185392,0.035893998,1
-0.06848050407,0.006138834658,-0.002169822498,0.03698428291,1
-0.06848050407,0.009412409467,-0.0001729588671,0.03750040277,1
-0.06848050407,0.01268598428,0.0008534130125,0.03609008574,1
-0.06848050407,0.01595955909,0.001861031358,0.0353559886,1
-0.06848050407,0.0192331339,0.003792459384,0.03426657702,1
-0.06848050407,0.02250670871,0.005033704064,0.03224082045,1
-0.06848050407,0.02578028352,0.005884177698,0.03035740151,1
-0.06848050407,0.02905385833,0.006725025615,0.02842764897,1
-0.06848050407,0.03232743314,0.008423756994,0.02598291861,1
-0.06848050407,0.03560100794,0.008079269235,0.02323172114,1
-0.06848050407,0.03887458275,0.008524376663,0.01936498125,1
-0.06848050407,0.04214815756,0.008732393649,0.01823378844,1
-0.06848050407,0.04542173237,0.008701659319,0.01705954746,1
-0.06848050407,0.04869530718,0.00911639084,0.0149450599,1
-0.06848050407,0.05196888199,0.009001250068,0.01192754528,1
-0.06520692926,-0.05605908673,-0.005154782891,0.009690816485,1
-0.06520692926,-0.05278551192,-0.006250777603,0.008392294773,1
-0.06520692926,-0.04951193711,-0.006868963542,0.008246182056,1
-0.06520692926,-0.0462383623,-0.007568842567,0.008371820264,1
-0.06520692926,-0.04296478749,-0.008118811454,0.009990022531,1
-0.06520692926,-0.03969121268,-0.008274526781,0.01197026182,1
-0.06520692926,-0.03641763787,-0.008834037228,0.01360267797,1
-0.06520692926,-0.03314406306,-0.01025996976,0.01684938523,1
-0.06520692926,-0.02987048825,-0.01188109867,0.0194119518,1
-0.06520692926,-0.02659691344,-0.01250219319,0.02124797564,1
-0.06520692926,-0.02332333863,-0.01322794331,0.0241939266,1
-0.06520692926,-0.02004976382,-0.01353305307,0.02744038552,1
-0.06520692926,-0.01677618901,-0.01384877283,0.03075681949,1
-0.06520692926,-0.0135026142,-0.01398761568,0.03280257101,1
-0.06520692926,-0.01022903939,-0.01250304207,0.03509033094,1
-0.06520692926,-0.006955464581,-0.01142735181,0.03680253525,1
-0.06520692926,-0.003681889771,-0.008943703675,0.03837562962,1
-0.06520692926,-0.0004083149614,-0.007511946194,0.04017932364,1
-0.06520692926,0.002865259848,-0.005551566701,0.04040588615,1
-0.06520692926,0.006138834658,-0.004067379387,0.04059702021,1
-0.06520692926,0.009412409467,-0.001353923628,0.04044767885,1
-0.06520692926,0.01268598428,0.0008372604351,0.04024615039,1
-0.06520692926,0.01595955909,0.001466533997,0.03803845399,1
-0.06520692926,0.0192331339,0.002943909393,0.03572780071,1
-0.06520692926,0.02250670871,0.004103161082,0.03332470383,1
-0.06520692926,0.02578028352,0.005674359082,0.0304579661,1
-0.06520692926,0.02905385833,0.006474144367,0.0274684478,1
-0.06520692926,0.03232743314,0.007864500203,0.02587964776,1
-0.06520692926,0.03560100794,0.008866005004,0.02340234646,1
-0.06520692926,0.03887458275,0.009299686865,0.02113165727,1
-0.06520692926,0.04214815756,0.01003844874,0.01970026022,1
-0.06520692926,0.04542173237,0.01055190323,0.0179978363,1
-0.06520692926,0.04869530718,0.009931139064,0.01585091277,1
-0.06520692926,0.05196888199,0.01133226631,0.0118393672,1
-0.06193335445,-0.05605908673,-0.004044291576,0.007998728451,1
-0.06193335445,-0.05278551192,-0.005769988591,0.008330668075,1
-0.06193335445,-0.04951193711,-0.007562631953,0.008204170423,1
-0.06193335445,-0.0462383623,-0.009248660753,0.009885466264,1
-0.06193335445,-0.04296478749,-0.009611994236,0.01145200657,1
-0.06193335445,-0.03969121268,-0.009940471251,0.01308335915,1
-0.06193335445,-0.03641763787,-0.0112753098,0.01688352941,1
-0.06193335445,-0.03314406306,-0.01279631926,0.01897446923,1
-0.06193335445,-0.02987048825,-0.01426261137,0.02066856716,1
-0.06193335445,-0.02659691344,-0.01637907397,0.02322070193,1
-0.06193335445,-0.02332333863,-0.0172558969,0.02644168952,1
-0.06193335445,-0.02004976382,-0.01737111466,0.02941964156,1
-0.06193335445,-0.01677618901,-0.01760372607,0.03300973356,1
-0.06193335445,-0.0135026142,-0.01753701166,0.03516452855,1
-0.06193335445,-0.01022903939,-0.01646070471,0.03762469581,1
-0.06193335445,-0.006955464581,-0.01504851883,0.04004736052,1
-0.06193335445,-0.003681889771,-0.01308777307,0.04077681845,1
-0.06193335445,-0.0004083149614,-0.01068648693,0.04206476425,1
-0.06193335445,0.002865259848,-0.008166790791,0.04319380062,1
-0.06193335445,0.006138834658,-0.005955111856,0.04318946149,1
-0.06193335445,0.009412409467,-0.004159054451,0.04281494608,1
-0.06193335445,0.01268598428,-0.001644307986,0.04274870235,1
-0.06193335445,0.01595955909,0.0008946943431,0.04135120372,1
-0.06193335445,0.0192331339,0.002930696668,0.0398297388,1
-0.06193335445,0.02250670871,0.004604236509,0.03664625396,1
-0.06193335445,0.02578028352,0.005148065467,0.03367870488,1
-0.06193335445,0.02905385833,0.00718925442,0.03026498787,1
-0.06193335445,0.03232743314,0.008337746429,0.0290689281,1
-0.06193335445,0.03560100794,0.009510060054,0.02652767537,1
-0.06193335445,0.03887458275,0.01107448695,0.0235177594,1
-0.06193335445,0.04214815756,0.01073121029,0.02121350654,1
-0.06193335445,0.04542173237,0.0114656782,0.01977014595,1
-0.06193335445,0.04869530718,0.01128223348,0.01757553252,1
-0.06193335445,0.05196888199,0.01307380379,0.01328419381,1
-0.05865977964,-0.05605908673,-0.006167163473,0.009449112959,1
-0.05865977964,-0.05278551192,-0.008135056431,0.008879976804,1
-0.05865977964,-0.04951193711,-0.009455599024,0.008825814331,1
-0.05865977964,-0.0462383623,-0.01041651602,0.01112713061,1
-0.05865977964,-0.04296478749,-0.01153931802,0.01220043196,1
-0.05865977964,-0.03969121268,-0.01379239984,0.01574436577,1
-0.05865977964,-0.03641763787,-0.01433252218,0.0177371647,1
-0.05865977964,-0.03314406306,-0.01552652132,0.02063826743,1
-0.05865977964,-0.02987048825,-0.01807846057,0.02337134953,1
-0.05865977964,-0.02659691344,-0.02002776075,0.02585118984,1
-0.05865977964,-0.02332333863,-0.0210723077,0.02907141054,1
-0.05865977964,-0.02004976382,-0.02118672237,0.03280344153,1
-0.05865977964,-0.01677618901,-0.0222422256,0.03616005259,1
-0.05865977964,-0.0135026142,-0.02215153664,0.03918416776,1
-0.05865977964,-0.01022903939,-0.02128710381,0.0406471968,1
-0.05865977964,-0.006955464581,-0.01985078858,0.04256763384,1
-0.05865977964,-0.003681889771,-0.01784112744,0.04265369461,1
-0.05865977964,-0.0004083149614,-0.01524696581,0.0439272686,1
-0.05865977964,0.002865259848,-0.01238869664,0.04441631109,1
-0.05865977964,0.006138834658,-0.009264022992,0.04489368293,1
-0.05865977964,0.009412409467,-0.005603538611,0.04517970863,1
-0.05865977964,0.01268598428,-0.003000191468,0.0447678135,1
-0.05865977964,0.01595955909,-7.694450038e-05,0.04417188565,1
-0.05865977964,0.0192331339,0.001881457041,0.04209691515,1
-0.05865977964,0.02250670871,0.003737691202,0.04048146888,1
-0.05865977964,0.02578028352,0.005189221637,0.03820356266,1
-0.05865977964,0.02905385833,0.007159432034,0.03492636894,1
-0.05865977964,0.03232743314,0.008561925836,0.03096255022,1
-0.05865977964,0.03560100794,0.01116716906,0.02822738473,1
-0.05865977964,0.03887458275,0.01240354455,0.02645347053,1
-0.05865977964,0.04214815756,0.01245379818,0.02406227619,1
-0.05865977964,0.04542173237,0.01270009816,0.02164530143,1
-0.05865977964,0.04869530718,0.01243510871,0.01893689493,1
-0.05865977964,0.05196888199,0.01454982491,0.0150164287,1
-0.05538620483,-0.05605908673,-0.01015208306,0.01017215955,1
-0.05538620483,-0.05278551192,-0.0100972795,0.009545570811,1
-0.05538620483,-0.04951193711,-0.01136075543,0.01047862002,1
-0.05538620483,-0.0462383623,-0.01293137245,0.01246385213,1
-0.05538620483,-0.04296478749,-0.01494450361,0.01525134242,1
-0.05538620483,-0.03969121268,-0.01603449453,0.01855261155,1
-0.05538620483,-0.03641763787,-0.01738562128,0.02065248513,1
-0.05538620483,-0.03314406306,-0.01959310193,0.02296808481,1
-0.05538620483,-0.02987048825,-0.0221086843,0.02589730871,1
-0.05538620483,-0.02659691344,-0.02482386786,0.0290389186,1
-0.05538620483,-0.02332333863,-0.02619072326,0.0322869127,1
-0.05538620483,-0.02004976382,-0.02737201649,0.03549572897,1
-0.05538620483,-0.01677618901,-0.02773458128,0.03858774125,1
-0.05538620483,-0.0135026142,-0.02852523774,0.04118539054,1
-0.05538620483,-0.01022903939,-0.02758437268,0.04300890129,1
-0.05538620483,-0.006955464581,-0.02610164197,0.04449157201,1
-0.05538620483,-0.003681889771,-0.02394537226,0.04521424271,1
-0.05538620483,-0.0004083149614,-0.02005886124,0.04535092838,1
-0.05538620483,0.002865259848,-0.01657295825,0.04571798997,1
-0.05538620483,0.006138834658,-0.01336260797,0.04607531953,1
-0.05538620483,0.009412409467,-0.008884474226,0.047009798,1
-0.05538620483,0.01268598428,-0.00560932182,0.04757445573,1
-0.05538620483,0.01595955909,-0.001878794057,0.04677880587,1
-0.05538620483,0.0192331339,0.001267967644,0.04504114116,1
-0.05538620483,0.02250670871,0.002744053677,0.0424015114,1
-0.05538620483,0.02578028352,0.004581782006,0.04062964295,1
-0.05538620483,0.02905385833,0.006153777573,0.03861284947,1
-0.05538620483,0.03232743314,0.009094651882,0.03598001175,1
-0.05538620483,0.03560100794,0.01098009093,0.03233532727,1
-0.05538620483,0.03887458275,0.01359853498,0.02850551797,1
-0.05538620483,0.04214815756,0.01392698595,0.02527921632,1
-0.05538620483,0.04542173237,0.01535679938,0.02255032016,1
-0.05538620483,0.04869530718,0.01479891901,0.02022448157,1
-0.05538620483,0.05196888199,0.01452777867,0.01606386324,1
-0.05211263002,-0.05605908673,-0.01288208973,0.01145840887,1
-0.05211263002,-0.05278551192,-0.01413801689,0.01013153009,1
-0.05211263002,-0.04951193711,-0.01443299172,0.01278415786,1
-0.05211263002,-0.0462383623,-0.01678903505,0.01659313964,1
-0.05211263002,-0.04296478749,-0.01771293158,0.01785621682,1
-0.05211263002,-0.03969121268,-0.01973964984,0.01964013845,1
-0.05211263002,-0.03641763787,-0.02144456518,0.0222860105,1
-0.05211263002,-0.03314406306,-0.0249700721,0.02528428937,1
-0.05211263002,-0.02987048825,-0.02734741393,0.02874432352,1
-0.05211263002,-0.02659691344,-0.03027397034,0.03231014767,1
-0.05211263002,-0.02332333863,-0.03226917871,0.03473301623,1
-0.05211263002,-0.02004976382,-0.03329985395,0.03793223595,1
-0.05211263002,-0.01677618901,-0.03449532285,0.04082414416,1
-0.05211263002,-0.0135026142,-0.03447413521,0.04276663238,1
-0.05211263002,-0.01022903939,-0.03257463369,0.04425881595,1
-0.05211263002,-0.006955464581,-0.03067816989,0.04597130533,1
-0.05211263002,-0.003681889771,-0.02838091701,0.04653874933,1
-0.05211263002,-0.0004083149614,-0.02373979057,0.04822412406,1
-0.05211263002,0.002865259848,-0.01981413064,0.04860545708,1
-0.05211263002,0.006138834658,-0.01512804152,0.04884475782,1
-0.05211263002,0.009412409467,-0.0109401275,0.05007678233,1
-0.05211263002,0.01268598428,-0.00764456257,0.05004371097,1
-0.05211263002,0.01595955909,-0.003406275777,0.04947205317,1
-0.05211263002,0.0192331339,-0.0002789272602,0.0479735747,1
-0.05211263002,0.02250670871,0.002201452222,0.04616409657,1
-0.05211263002,0.02578028352,0.004594063568,0.04337724062,1
-0.05211263002,0.02905385833,0.006589147703,0.03982379047,1
-0.05211263002,0.03232743314,0.007921975283,0.03770978773,1
-0.05211263002,0.03560100794,0.009988364386,0.03524422476,1
-0.05211263002,0.03887458275,0.01357650245,0.03219917686,1
-0.05211263002,0.04214815756,0.01615931421,0.02862215459,1
-0.05211263002,0.04542173237,0.01705641909,0.02491576771,1
-0.05211263002,0.04869530718,0.01808658045,0.02160711975,1
-0.05211263002,0.05196888199,0.01695515034,0.01659422037,1
-0.04883905522,-0.05605908673,-0.01659088082,0.01055943766,1
-0.04883905522,-0.05278551192,-0.01752120022,0.0101546138,1
-0.04883905522,-0.04951193711,-0.01733560962,0.01491958633,1
-0.04883905522,-0.0462383623,-0.01947336435,0.0175040194,1
-0.04883905522,-0.04296478749,-0.02144150091,0.01983875956,1
-0.04883905522,-0.03969121268,-0.02388777592,0.02134105417,1
-0.04883905522,-0.03641763787,-0.02739821726,0.02444096697,1
-0.04883905522,-0.03314406306,-0.03081494632,0.02748754883,1
-0.04883905522,-0.02987048825,-0.03411073078,0.03066770058,1
-0.04883905522,-0.02659691344,-0.03652522656,0.03318933116,1
-0.04883905522,-0.02332333863,-0.03869404923,0.03525167441,1
-0.04883905522,-0.02004976382,-0.04116132768,0.03924345137,1
-0.04883905522,-0.01677618901,-0.04178782832,0.04353799312,1
-0.04883905522,-0.0135026142,-0.04020361234,0.04482413283,1
-0.04883905522,-0.01022903939,-0.03820421066,0.04737033919,1
-0.04883905522,-0.006955464581,-0.03456619551,0.047557926,1
-0.04883905522,-0.003681889771,-0.03054161271,0.04910680166,1
-0.04883905522,-0.0004083149614,-0.02571438806,0.04981686115,1
-0.04883905522,0.002865259848,-0.02081114832,0.05241247005,1
-0.04883905522,0.006138834658,-0.01625711225,0.05325159236,1
-0.04883905522,0.009412409467,-0.01219952173,0.0537842652,1
-0.04883905522,0.01268598428,-0.007536488154,0.05359968489,1
-0.04883905522,0.01595955909,-0.003776316212,0.05290237093,1
-0.04883905522,0.0192331339,-0.0002375026209,0.05144640062,1
-0.04883905522,0.02250670871,0.002584669054,0.04987820613,1
-0.04883905522,0.02578028352,0.005126526557,0.0468180352,1
-0.04883905522,0.02905385833,0.006984024966,0.04365656771,1
-0.04883905522,0.03232743314,0.009267650572,0.03984865346,1
-0.04883905522,0.03560100794,0.01073278407,0.03702829807,1
-0.04883905522,0.03887458275,0.01187964722,0.0347383441,1
-0.04883905522,0.04214815756,0.0156133257,0.03103469612,1
-0.04883905522,0.04542173237,0.01806754101,0.02678777969,1
-0.04883905522,0.04869530718,0.01862733527,0.02354122842,1
-0.04883905522,0.05196888199,0.01845028379,0.0177604675,1
-0.04556548041,-0.05605908673,-0.01863543429,0.01340431946,1
-0.04556548041,-0.05278551192,-0.0188762985,0.01449298094,1
-0.04556548041,-0.04951193711,-0.01933977919,0.01603277723,1
-0.04556548041,-0.0462383623,-0.02246006681,0.01808841661,1
-0.04556548041,-0.04296478749,-0.02555368722,0.02096663981,1
-0.04556548041,-0.03969121268,-0.02889051595,0.02322698715,1
-0.04556548041,-0.03641763787,-0.03301898882,0.0250489809,1
-0.04556548041,-0.03314406306,-0.03609287114,0.02808084414,1
-0.04556548041,-0.02987048825,-0.03937665017,0.03082494078,1
-0.04556548041,-0.02659691344,-0.04198396434,0.03287132767,1
-0.04556548041,-0.02332333863,-0.04568141239,0.0368547432,1
-0.04556548041,-0.02004976382,-0.04735414979,0.04018331801,1
-0.04556548041,-0.01677618901,-0.04661061807,0.04466071045,1
-0.04556548041,-0.0135026142,-0.04407528906,0.0483508142,1
-0.04556548041,-0.01022903939,-0.04158435012,0.04962329636,1
-0.04556548041,-0.006955464581,-0.03776050441,0.05013582567,1
-0.04556548041,-0.003681889771,-0.03464001837,0.05117466536,1
-0.04556548041,-0.0004083149614,-0.02844395298,0.0524996649,1
-0.04556548041,0.002865259848,-0.02240204212,0.05567937827,1
-0.04556548041,0.006138834658,-0.01771591934,0.056589378,1
-0.04556548041,0.009412409467,-0.01410560151,0.05749464448,1
-0.04556548041,0.01268598428,-0.008423901201,0.05643812046,1
-0.04556548041,0.01595955909,-0.004082668193,0.05516980095,1
-0.04556548041,0.0192331339,0.0006177272363,0.05406046856,1
-0.04556548041,0.02250670871,0.00319408907,0.05294892301,1
-0.04556548041,0.02578028352,0.006580790635,0.05066003056,1
-0.04556548041,0.02905385833,0.009169300412,0.04735089415,1
-0.04556548041,0.03232743314,0.01114734838,0.04372111006,1
-0.04556548041,0.03560100794,0.01187471982,0.04063015132,1
-0.04556548041,0.03887458275,0.01325820836,0.03746146902,1
-0.04556548041,0.04214815756,0.01493972475,0.03249624577,1
-0.04556548041,0.04542173237,0.01854122702,0.02932897003,1
-0.04556548041,0.04869530718,0.01968523342,0.02561515138,1
-0.04556548041,0.05196888199,0.02041389038,0.01879688377,1
-0.0422919056,-0.05605908673,-0.02094993852,0.01642446226,1
-0.0422919056,-0.05278551192,-0.02089082899,0.01581563988,1
-0.0422919056,-0.04951193711,-0.02323656951,0.01786445448,1
-0.0422919056,-0.0462383623,-0.02699821259,0.01877823758,1
-0.0422919056,-0.04296478749,-0.03029895701,0.02116506094,1
-0.0422919056,-0.03969121268,-0.03330944621,0.02236416426,1
-0.0422919056,-0.03641763787,-0.03787960866,0.02468602822,1
-0.0422919056,-0.03314406306,-0.04156782631,0.02680550543,1
-0.0422919056,-0.02987048825,-0.04418328173,0.02874738854,1
-0.0422919056,-0.02659691344,-0.04780804086,0.03216766277,1
-0.0422919056,-0.02332333863,-0.05029216531,0.0376706183,1
-0.0422919056,-0.02004976382,-0.05147373274,0.0412269968,1
-0.0422919056,-0.01677618901,-0.04984431312,0.04487122857,1
-0.0422919056,-0.0135026142,-0.04817739663,0.04970553916,1
-0.0422919056,-0.01022903939,-0.0447554012,0.05224693565,1
-0.0422919056,-0.006955464581,-0.04164465527,0.05176089806,1
-0.0422919056,-0.003681889771,-0.03502206253,0.05415155251,1
-0.0422919056,-0.0004083149614,-0.03027583671,0.05691438447,1
-0.0422919056,0.002865259848,-0.02345008942,0.0582685591,1
-0.0422919056,0.006138834658,-0.01811358592,0.05967989525,1
-0.0422919056,0.009412409467,-0.01344817725,0.06030547992,1
-0.0422919056,0.01268598428,-0.008674344628,0.05901500852,1
-0.0422919056,0.01595955909,-0.003785715134,0.05836688006,1
-0.0422919056,0.0192331339,0.0006195626456,0.05744782706,1
-0.0422919056,0.02250670871,0.003936135823,0.0556408956,1
-0.0422919056,0.02578028352,0.008155209589,0.05366740551,1
-0.0422919056,0.02905385833,0.01078701043,0.0507444249,1
-0.0422919056,0.03232743314,0.01252468056,0.04835327867,1
-0.0422919056,0.03560100794,0.01420745863,0.04446525019,1
-0.0422919056,0.03887458275,0.01505441147,0.04124407471,1
-0.0422919056,0.04214815756,0.01676640282,0.03656028559,1
-0.0422919056,0.04542173237,0.01833708901,0.03218497836,1
-0.0422919056,0.04869530718,0.02085148283,0.02805544351,1
-0.0422919056,0.05196888199,0.02203976047,0.02258597235,1
-0.03901833079,-0.05605908673,-0.02439332766,0.01705068685,1
-0.03901833079,-0.05278551192,-0.02509330826,0.01747406725,1
-0.03901833079,-0.04951193711,-0.02780558205,0.01750338229,1
-0.03901833079,-0.0462383623,-0.0303469408,0.01983349782,1
-0.03901833079,-0.04296478749,-0.03425129722,0.01982733408,1
-0.03901833079,-0.03969121268,-0.03820587041,0.02168369043,1
-0.03901833079,-0.03641763787,-0.04320761659,0.02455648974,1
-0.03901833079,-0.03314406306,-0.04754727266,0.0259513208,1
-0.03901833079,-0.02987048825,-0.05013881486,0.02779443329,1
-0.03901833079,-0.02659691344,-0.05273928685,0.03195601538,1
-0.03901833079,-0.02332333863,-0.05503307042,0.0373071567,1
-0.03901833079,-0.02004976382,-0.05570226759,0.04129045503,1
-0.03901833079,-0.01677618901,-0.05363016112,0.04546613121,1
-0.03901833079,-0.0135026142,-0.05143881548,0.04983396307,1
-0.03901833079,-0.01022903939,-0.04756040817,0.05378638586,1
-0.03901833079,-0.006955464581,-0.04220517481,0.05606043067,1
-0.03901833079,-0.003681889771,-0.03502957194,0.05839919639,1
-0.03901833079,-0.0004083149614,-0.02953482815,0.06038340928,1
-0.03901833079,0.002865259848,-0.02337694029,0.06141191553,1
-0.03901833079,0.006138834658,-0.01677787586,0.0624123784,1
-0.03901833079,0.009412409467,-0.01068210271,0.06268246248,1
-0.03901833079,0.01268598428,-0.006152113789,0.06140386025,1
-0.03901833079,0.01595955909,-0.0009253816485,0.06125908192,1
-0.03901833079,0.0192331339,0.002364307141,0.06135533039,1
-0.03901833079,0.02250670871,0.005383795454,0.05858665563,1
-0.03901833079,0.02578028352,0.008982094681,0.05777417063,1
-0.03901833079,0.02905385833,0.01220532984,0.05422735458,1
-0.03901833079,0.03232743314,0.01631602062,0.05063225228,1
-0.03901833079,0.03560100794,0.01678527863,0.04822737534,1
-0.03901833079,0.03887458275,0.01828113336,0.04422059656,1
-0.03901833079,0.04214815756,0.01883320084,0.03950149292,1
-0.03901833079,0.04542173237,0.01929417325,0.03501194239,1
-0.03901833079,0.04869530718,0.02162661166,0.0303831564,1
-0.03901833079,0.05196888199,0.02392199161,0.02419901333,1
-0.03574475598,-0.05605908673,-0.02757919511,0.01701455287,1
-0.03574475598,-0.05278551192,-0.02913808814,0.01535727113,1
-0.03574475598,-0.04951193711,-0.03039287708,0.01546504776,1
-0.03574475598,-0.0462383623,-0.0332292911,0.01750680467,1
-0.03574475598,-0.04296478749,-0.03732684881,0.01812451423,1
-0.03574475598,-0.03969121268,-0.04281138701,0.02013596746,1
-0.03574475598,-0.03641763787,-0.04856882627,0.02273164863,1
-0.03574475598,-0.03314406306,-0.0539985449,0.02528397347,1
-0.03574475598,-0.02987048825,-0.05601798431,0.0274429255,1
-0.03574475598,-0.02659691344,-0.05749168021,0.03112890932,1
-0.03574475598,-0.02332333863,-0.05944257518,0.03591291417,1
-0.03574475598,-0.02004976382,-0.05962780517,0.04147265709,1
-0.03574475598,-0.01677618901,-0.05665819629,0.04662504843,1
-0.03574475598,-0.0135026142,-0.05250953944,0.05118590966,1
-0.03574475598,-0.01022903939,-0.04690992325,0.05624879007,1
-0.03574475598,-0.006955464581,-0.04068930877,0.05849708268,1
-0.03574475598,-0.003681889771,-0.03466416855,0.0604976441,1
-0.03574475598,-0.0004083149614,-0.0274561085,0.06358713348,1
-0.03574475598,0.002865259848,-0.01982192794,0.06658249466,1
-0.03574475598,0.006138834658,-0.01424840708,0.06552055311,1
-0.03574475598,0.009412409467,-0.008147667813,0.06646022508,1
-0.03574475598,0.01268598428,-0.004693320978,0.06454719646,1
-0.03574475598,0.01595955909,0.001314461004,0.06469215622,1
-0.03574475598,0.0192331339,0.006159840816,0.06466987531,1
-0.03574475598,0.02250670871,0.009881271546,0.06245420817,1
-0.03574475598,0.02578028352,0.01192814372,0.06064984702,1
-0.03574475598,0.02905385833,0.01405143977,0.05841590325,1
-0.03574475598,0.03232743314,0.01664576612,0.05476583231,1
-0.03574475598,0.03560100794,0.01922214516,0.05114001844,1
-0.03574475598,0.03887458275,0.02005366485,0.04749084881,1
-0.03574475598,0.04214815756,0.02063820923,0.04202003477,1
-0.03574475598,0.04542173237,0.02094477452,0.03788381964,1
-0.03574475598,0.04869530718,0.02228567252,0.03365038966,1
-0.03574475598,0.05196888199,0.02427815632,0.0250301952,1
-0.03247118117,-0.05605908673,-0.03084006368,0.01577376376,1
-0.03247118117,-0.05278551192,-0.03292965838,0.01398354429,1
-0.03247118117,-0.04951193711,-0.03388870485,0.0154327039,1
-0.03247118117,-0.0462383623,-0.03678535358,0.01627196597,1
-0.03247118117,-0.04296478749,-0.04135214474,0.01661606789,1
-0.03247118117,-0.03969121268,-0.04783788622,0.01816404254,1
-0.03247118117,-0.03641763787,-0.05491774735,0.01991042076,1
-0.03247118117,-0.03314406306,-0.05927445924,0.02388149047,1
-0.03247118117,-0.02987048825,-0.05962041711,0.02602162993,1
-0.03247118117,-0.02659691344,-0.06198101876,0.02965845518,1
-0.03247118117,-0.02332333863,-0.06358849413,0.03450992022,1
-0.03247118117,-0.02004976382,-0.06107796056,0.04117274546,1
-0.03247118117,-0.01677618901,-0.05681410047,0.04661239123,1
-0.03247118117,-0.0135026142,-0.05241714055,0.05206372065,1
-0.03247118117,-0.01022903939,-0.04540202021,0.05657163075,1
-0.03247118117,-0.006955464581,-0.03944091257,0.05941521843,1
-0.03247118117,-0.003681889771,-0.03125946887,0.06362849191,1
-0.03247118117,-0.0004083149614,-0.02407113608,0.06755720648,1
-0.03247118117,0.002865259848,-0.01793924934,0.06816048484,1
-0.03247118117,0.006138834658,-0.01038750313,0.06718195405,1
-0.03247118117,0.009412409467,-0.004522215556,0.0665428386,1
-0.03247118117,0.01268598428,-0.0002679214543,0.06590126715,1
-0.03247118117,0.01595955909,0.004469735715,0.06650034423,1
-0.03247118117,0.0192331339,0.01054904072,0.06603049387,1
-0.03247118117,0.02250670871,0.01339328096,0.06393772296,1
-0.03247118117,0.02578028352,0.01586067802,0.06232498857,1
-0.03247118117,0.02905385833,0.01607085893,0.06062071433,1
-0.03247118117,0.03232743314,0.01785840302,0.05723707597,1
-0.03247118117,0.03560100794,0.01923210966,0.05313336664,1
-0.03247118117,0.03887458275,0.02191142512,0.04938689886,1
-0.03247118117,0.04214815756,0.02284456151,0.04464468455,1
-0.03247118117,0.04542173237,0.02384786201,0.04021451276,1
-0.03247118117,0.04869530718,0.02532800331,0.03564912277,1
-0.03247118117,0.05196888199,0.0260291555,0.02622057646,1
-0.02919760636,-0.05605908673,-0.03340941876,0.01556673692,1
-0.02919760636,-0.05278551192,-0.03448394816,0.01403541199,1
-0.02919760636,-0.04951193711,-0.03625695344,0.01361806427,1
-0.02919760636,-0.0462383623,-0.03919038088,0.01433548517,1
-0.02919760636,-0.04296478749,-0.04526240388,0.01539886264,1
-0.02919760636,-0.03969121268,-0.05370188744,0.0153118389,1
-0.02919760636,-0.03641763787,-0.05904427256,0.01769988535,1
-0.02919760636,-0.03314406306,-0.06230690229,0.02071253606,1
-0.02919760636,-0.02987048825,-0.06475487078,0.02297199248,1
-0.02919760636,-0.02659691344,-0.06665876393,0.02804568772,1
-0.02919760636,-0.02332333863,-0.06595195879,0.03553322762,1
-0.02919760636,-0.02004976382,-0.06304148257,0.0413135809,1
-0.02919760636,-0.01677618901,-0.05784798494,0.04686901017,1
-0.02919760636,-0.0135026142,-0.05184368877,0.05274607611,1
-0.02919760636,-0.01022903939,-0.04479241792,0.05588258075,1
-0.02919760636,-0.006955464581,-0.03807670048,0.05955488713,1
-0.02919760636,-0.003681889771,-0.03002566283,0.06282184839,1
-0.02919760636,-0.0004083149614,-0.02152710542,0.06542806716,1
-0.02919760636,0.002865259848,-0.01425991349,0.06713550886,1
-0.02919760636,0.006138834658,-0.007369882132,0.06774129878,1
-0.02919760636,0.009412409467,-0.002284643558,0.06704053655,1
-0.02919760636,0.01268598428,0.004743333173,0.06681561114,1
-0.02919760636,0.01595955909,0.0108589791,0.06668544435,1
-0.02919760636,0.0192331339,0.01535909345,0.06527173868,1
-0.02919760636,0.02250670871,0.01785550946,0.06550691028,1
-0.02919760636,0.02578028352,0.0194644686,0.06272017106,1
-0.02919760636,0.02905385833,0.02131793766,0.06144893738,1
-0.02919760636,0.03232743314,0.02138769969,0.05988952293,1
-0.02919760636,0.03560100794,0.02206294432,0.05603807,1
-0.02919760636,0.03887458275,0.02397994376,0.05057590361,1
-0.02919760636,0.04214815756,0.02493724012,0.04582423308,1
-0.02919760636,0.04542173237,0.02619195945,0.04141204937,1
-0.02919760636,0.04869530718,0.02736756135,0.0368337457,1
-0.02919760636,0.05196888199,0.02758948708,0.02835460334,1
-0.02592403155,-0.05605908673,-0.03502033013,0.01477168395,1
-0.02592403155,-0.05278551192,-0.03687730772,0.01340920283,1
-0.02592403155,-0.04951193711,-0.03878033303,0.01105468154,1
-0.02592403155,-0.0462383623,-0.04404116107,0.01164493933,1
-0.02592403155,-0.04296478749,-0.04993644369,0.01286038211,1
-0.02592403155,-0.03969121268,-0.05671085192,0.01247618897,1
-0.02592403155,-0.03641763787,-0.06314080166,0.01495164084,1
-0.02592403155,-0.03314406306,-0.06649635706,0.01671469989,1
-0.02592403155,-0.02987048825,-0.0686597492,0.02023694984,1
-0.02592403155,-0.02659691344,-0.06996769021,0.02649323668,1
-0.02592403155,-0.02332333863,-0.06892929225,0.03447490039,1
-0.02592403155,-0.02004976382,-0.06509869425,0.04152515206,1
-0.02592403155,-0.01677618901,-0.05955732245,0.04750682913,1
-0.02592403155,-0.0135026142,-0.05346906034,0.05104074818,1
-0.02592403155,-0.01022903939,-0.04468372726,0.05457521227,1
-0.02592403155,-0.006955464581,-0.03578501621,0.05831560103,1
-0.02592403155,-0.003681889771,-0.02806692749,0.06127543993,1
-0.02592403155,-0.0004083149614,-0.02077272799,0.06173940943,1
-0.02592403155,0.002865259848,-0.01391725738,0.06305124481,1
-0.02592403155,0.006138834658,-0.00552615419,0.06434161642,1
-0.02592403155,0.009412409467,0.00199000295,0.06450086572,1
-0.02592403155,0.01268598428,0.009656225182,0.06536756184,1
-0.02592403155,0.01595955909,0.01552484524,0.06432026007,1
-0.02592403155,0.0192331339,0.02038735707,0.06399970424,1
-0.02592403155,0.02250670871,0.02317760374,0.06430860223,1
-0.02592403155,0.02578028352,0.02397136649,0.06294647917,1
-0.02592403155,0.02905385833,0.02531879163,0.0624293234,1
-0.02592403155,0.03232743314,0.02544541991,0.0609122524,1
-0.02592403155,0.03560100794,0.02700004804,0.0581283745,1
-0.02592403155,0.03887458275,0.0264665375,0.0527769473,1
-0.02592403155,0.04214815756,0.02798140729,0.0464481712,1
-0.02592403155,0.04542173237,0.02847874216,0.04211141502,1
-0.02592403155,0.04869530718,0.0296331461,0.03657876795,1
-0.02592403155,0.05196888199,0.02994190946,0.02839214457,1
-0.02265045674,-0.05605908673,-0.03539828398,0.01433802474,1
-0.02265045674,-0.05278551192,-0.0384297186,0.01153920522,1
-0.02265045674,-0.04951193711,-0.04192097197,0.009038974862,1
-0.02265045674,-0.0462383623,-0.04802069519,0.008915142592,1
-0.02265045674,-0.04296478749,-0.05390274129,0.008864522903,1
-0.02265045674,-0.03969121268,-0.06005403398,0.008778738014,1
-0.02265045674,-0.03641763787,-0.06685632234,0.01031344509,1
-0.02265045674,-0.03314406306,-0.07141664163,0.0127324762,1
-0.02265045674,-0.02987048825,-0.07231664061,0.01879790831,1
-0.02265045674,-0.02659691344,-0.07214891847,0.02446719049,1
-0.02265045674,-0.02332333863,-0.07127730304,0.03212046359,1
-0.02265045674,-0.02004976382,-0.06783655902,0.0379591145,1
-0.02265045674,-0.01677618901,-0.06126494381,0.04469863504,1
-0.02265045674,-0.0135026142,-0.05299474526,0.04893392301,1
-0.02265045674,-0.01022903939,-0.04499815585,0.04935649479,1
-0.02265045674,-0.006955464581,-0.03585994323,0.05233933162,1
-0.02265045674,-0.003681889771,-0.02782145619,0.05499820861,1
-0.02265045674,-0.0004083149614,-0.01955575901,0.05510245982,1
-0.02265045674,0.002865259848,-0.01289830459,0.0558443902,1
-0.02265045674,0.006138834658,-0.004278757232,0.05743534115,1
-0.02265045674,0.009412409467,0.004340588406,0.05877204111,1
-0.02265045674,0.01268598428,0.01280973304,0.05925797761,1
-0.02265045674,0.01595955909,0.01885840508,0.05851839332,1
-0.02265045674,0.0192331339,0.02421961239,0.0589848366,1
-0.02265045674,0.02250670871,0.02738155928,0.06030469558,1
-0.02265045674,0.02578028352,0.02986919647,0.06058045068,1
-0.02265045674,0.02905385833,0.03104392416,0.06095298902,1
-0.02265045674,0.03232743314,0.03181408309,0.0590153027,1
-0.02265045674,0.03560100794,0.03189860703,0.0573440014,1
-0.02265045674,0.03887458275,0.0311695799,0.05201103642,1
-0.02265045674,0.04214815756,0.03042201868,0.04900145107,1
-0.02265045674,0.04542173237,0.03097280889,0.04332077665,1
-0.02265045674,0.04869530718,0.03169659688,0.0364648281,1
-0.02265045674,0.05196888199,0.03211665131,0.0273839092,1
-0.01937688193,-0.05605908673,-0.03731924292,0.01011846161,1
-0.01937688193,-0.05278551192,-0.04067128184,0.008739714699,1
-0.01937688193,-0.04951193711,-0.04454870137,0.00781417784,1
-0.01937688193,-0.0462383623,-0.05042772562,0.006653718404,1
-0.01937688193,-0.04296478749,-0.05662103617,0.005645872057,1
-0.01937688193,-0.03969121268,-0.06355872869,0.003536298185,1
-0.01937688193,-0.03641763787,-0.06907480515,0.006549028282,1
-0.01937688193,-0.03314406306,-0.07322004956,0.01010615681,1
-0.01937688193,-0.02987048825,-0.07298463174,0.01513068978,1
-0.01937688193,-0.02659691344,-0.07454053593,0.0222129737,1
-0.01937688193,-0.02332333863,-0.07378796421,0.02911092296,1
-0.01937688193,-0.02004976382,-0.06882693244,0.03578197678,1
-0.01937688193,-0.01677618901,-0.06228442932,0.03964191258,1
-0.01937688193,-0.0135026142,-0.05297588589,0.04403966999,1
-0.01937688193,-0.01022903939,-0.04403798311,0.04448738515,1
-0.01937688193,-0.006955464581,-0.03436052967,0.04450562946,1
-0.01937688193,-0.003681889771,-0.02501713011,0.0463199072,1
-0.01937688193,-0.0004083149614,-0.01589134944,0.04722592797,1
-0.01937688193,0.002865259848,-0.0109560518,0.04619278523,1
-0.01937688193,0.006138834658,-0.003078333129,0.04867150526,1
-0.01937688193,0.009412409467,0.004623595057,0.05015069898,1
-0.01937688193,0.01268598428,0.01388797202,0.05154790711,1
-0.01937688193,0.01595955909,0.022778603,0.05241695314,1
-0.01937688193,0.0192331339,0.02804965884,0.05335485817,1
-0.01937688193,0.02250670871,0.03315364641,0.05510984627,1
-0.01937688193,0.02578028352,0.03443054394,0.05718180662,1
-0.01937688193,0.02905385833,0.03593392651,0.05752141075,1
-0.01937688193,0.03232743314,0.0370779818,0.05591425912,1
-0.01937688193,0.03560100794,0.03613554869,0.0535921961,1
-0.01937688193,0.03887458275,0.03657866411,0.05146846341,1
-0.01937688193,0.04214815756,0.0349306939,0.04692170327,1
-0.01937688193,0.04542173237,0.0340685397,0.04242499411,1
-0.01937688193,0.04869530718,0.03460900003,0.03611412022,1
-0.01937688193,0.05196888199,0.03487721526,0.02615534046,1
-0.01610330712,-0.05605908673,-0.04000153479,0.005821785639,1
-0.01610330712,-0.05278551192,-0.0424075747,0.004184776657,1
-0.01610330712,-0.04951193711,-0.04620765061,0.005621415347,1
-0.01610330712,-0.0462383623,-0.05184415621,0.0046392219,1
-0.01610330712,-0.04296478749,-0.05758130985,0.00183195023,1
-0.01610330712,-0.03969121268,-0.06514198091,0.00148533188,1
-0.01610330712,-0.03641763787,-0.07074032531,0.002005995065,1
-0.01610330712,-0.03314406306,-0.07351198164,0.004488249091,1
-0.01610330712,-0.02987048825,-0.07510773135,0.01324795646,1
-0.01610330712,-0.02659691344,-0.07624668303,0.01949038715,1
-0.01610330712,-0.02332333863,-0.07484361236,0.02483209475,1
-0.01610330712,-0.02004976382,-0.07048194048,0.02898534837,1
-0.01610330712,-0.01677618901,-0.06307412932,0.03179851831,1
-0.01610330712,-0.0135026142,-0.05307920717,0.03376574486,1
-0.01610330712,-0.01022903939,-0.04103428892,0.0333434252,1
-0.01610330712,-0.006955464581,-0.02976876572,0.03265022158,1
-0.01610330712,-0.003681889771,-0.01965438427,0.03235566453,1
-0.01610330712,-0.0004083149614,-0.01087628925,0.0323203583,1
-0.01610330712,0.002865259848,-0.005626246229,0.03175967062,1
-0.01610330712,0.006138834658,-0.0001165666762,0.03414959522,1
-0.01610330712,0.009412409467,0.00567541769,0.03760420787,1
-0.01610330712,0.01268598428,0.01488904518,0.04148504586,1
-0.01610330712,0.01595955909,0.02381666835,0.04547645848,1
-0.01610330712,0.0192331339,0.03212543455,0.04612254363,1
-0.01610330712,0.02250670871,0.03807711604,0.04696416065,1
-0.01610330712,0.02578028352,0.03872089722,0.05079698556,1
-0.01610330712,0.02905385833,0.04191027736,0.05159443868,1
-0.01610330712,0.03232743314,0.04243151628,0.05124579006,1
-0.01610330712,0.03560100794,0.04199359835,0.05022903274,1
-0.01610330712,0.03887458275,0.04255587871,0.04814852994,1
-0.01610330712,0.04214815756,0.03963145047,0.04519949537,1
-0.01610330712,0.04542173237,0.0373125918,0.0423182978,1
-0.01610330712,0.04869530718,0.03672193066,0.03601888958,1
-0.01610330712,0.05196888199,0.03722477842,0.02561367371,1
-0.01282973231,-0.05605908673,-0.0431862824,0.003600128792,1
-0.01282973231,-0.05278551192,-0.04424524106,0.002392323453,1
-0.01282973231,-0.04951193711,-0.04715691863,0.003241920563,1
-0.01282973231,-0.0462383623,-0.05232970256,0.001583724396,1
-0.01282973231,-0.04296478749,-0.05882816895,-0.00109889874,1
-0.01282973231,-0.03969121268,-0.0662288754,-0.003136156993,1
-0.01282973231,-0.03641763787,-0.07107674595,-0.002155058191,1
-0.01282973231,-0.03314406306,-0.07466797297,0.0012834605,1
-0.01282973231,-0.02987048825,-0.07707772635,0.0081903183,1
-0.01282973231,-0.02659691344,-0.07704790773,0.01411343776,1
-0.01282973231,-0.02332333863,-0.07455180985,0.01735684546,1
-0.01282973231,-0.02004976382,-0.06883306519,0.02115824267,1
-0.01282973231,-0.01677618901,-0.0612663175,0.02264391834,1
-0.01282973231,-0.0135026142,-0.04907042072,0.0237316918,1
-0.01282973231,-0.01022903939,-0.03254677964,0.02130936417,1
-0.01282973231,-0.006955464581,-0.01796964329,0.01824172659,1
-0.01282973231,-0.003681889771,-0.009146310354,0.01722796161,1
-0.01282973231,-0.0004083149614,-0.00302223518,0.01570100727,1
-0.01282973231,0.002865259848,0.0008393798934,0.01432741454,1
-0.01282973231,0.006138834658,0.003226778137,0.01440017757,1
-0.01282973231,0.009412409467,0.006312258325,0.02099135662,1
-0.01282973231,0.01268598428,0.01233443305,0.02918736043,1
-0.01282973231,0.01595955909,0.02327715644,0.03498161234,1
-0.01282973231,0.0192331339,0.03391886601,0.03791245426,1
-0.01282973231,0.02250670871,0.04121414534,0.03956312819,1
-0.01282973231,0.02578028352,0.04466211054,0.04259515105,1
-0.01282973231,0.02905385833,0.04621869266,0.04476098081,1
-0.01282973231,0.03232743314,0.04627522727,0.04624739439,1
-0.01282973231,0.03560100794,0.04883864042,0.04504240192,1
-0.01282973231,0.03887458275,0.04799565135,0.04343849583,1
-0.01282973231,0.04214815756,0.04580281044,0.04257282042,1
-0.01282973231,0.04542173237,0.04255939944,0.03987750002,1
-0.01282973231,0.04869530718,0.03962301723,0.0351047068,1
-0.01282973231,0.05196888199,0.03892857307,0.02416866409,1
-0.009556157499,-0.05605908673,-0.04401509093,0.002335872276,1
-0.009556157499,-0.05278551192,-0.04548002554,0.0004303227403,1
-0.009556157499,-0.04951193711,-0.04801927074,0.0002516476078,1
-0.009556157499,-0.0462383623,-0.05190618419,-0.001695754009,1
-0.009556157499,-0.04296478749,-0.05800640158,-0.004901536871,1
-0.009556157499,-0.03969121268,-0.06595007498,-0.007777697664,1
-0.009556157499,-0.03641763787,-0.07107207395,-0.007853134024,1
-0.009556157499,-0.03314406306,-0.07462396129,-0.004065020604,1
-0.009556157499,-0.02987048825,-0.07689437962,0.0006247770283,1
-0.009556157499,-0.02659691344,-0.07645712009,0.005455704868,1
-0.009556157499,-0.02332333863,-0.07318968868,0.008741715041,1
-0.009556157499,-0.02004976382,-0.06758472666,0.01276727672,1
-0.009556157499,-0.01677618901,-0.05702319474,0.01281566996,1
-0.009556157499,-0.0135026142,-0.04037968586,0.0124253293,1
-0.009556157499,-0.01022903939,-0.02021951504,0.01044885781,1
-0.009556157499,-0.006955464581,-0.0086639849,0.008386486898,1
-0.009556157499,-0.003681889771,-0.003050025389,0.007761449055,1
-0.009556157499,-0.0004083149614,0.0003483319644,0.007484987188,1
-0.009556157499,0.002865259848,0.002992551718,0.006835293715,1
-0.009556157499,0.006138834658,0.004435591488,0.006432549739,1
-0.009556157499,0.009412409467,0.005148109427,0.007392039248,1
-0.009556157499,0.01268598428,0.009491852228,0.01605379776,1
-0.009556157499,0.01595955909,0.02112879743,0.02523264904,1
-0.009556157499,0.0192331339,0.03098758977,0.02927748304,1
-0.009556157499,0.02250670871,0.0414606599,0.03132223144,1
-0.009556157499,0.02578028352,0.0463664633,0.03450553506,1
-0.009556157499,0.02905385833,0.04972701444,0.0378210817,1
-0.009556157499,0.03232743314,0.05206841229,0.03957055197,1
-0.009556157499,0.03560100794,0.05491293868,0.03939199173,1
-0.009556157499,0.03887458275,0.05359762452,0.03793771859,1
-0.009556157499,0.04214815756,0.04988738956,0.0375243979,1
-0.009556157499,0.04542173237,0.04692989853,0.03623617167,1
-0.009556157499,0.04869530718,0.04325136797,0.03282216105,1
-0.009556157499,0.05196888199,0.04169869186,0.02388326083,1
-0.00628258269,-0.05605908673,-0.04452153899,0.0003738036276,1
-0.00628258269,-0.05278551192,-0.04730202883,-0.0006228449193,1
-0.00628258269,-0.04951193711,-0.0486017967,-0.003162387478,1
-0.00628258269,-0.0462383623,-0.0518267925,-0.005137004972,1
-0.00628258269,-0.04296478749,-0.05718045929,-0.009937045692,1
-0.00628258269,-0.03969121268,-0.06337628638,-0.01380479852,1
-0.00628258269,-0.03641763787,-0.06919073402,-0.01290365877,1
-0.00628258269,-0.03314406306,-0.07338833946,-0.01029808286,1
-0.00628258269,-0.02987048825,-0.07586524148,-0.00795496629,1
-0.00628258269,-0.02659691344,-0.07637229012,-0.003357338972,1
-0.00628258269,-0.02332333863,-0.07332911652,0.001187063148,1
-0.00628258269,-0.02004976382,-0.06504278965,0.003306725204,1
-0.00628258269,-0.01677618901,-0.0496291334,0.003536726334,1
-0.00628258269,-0.0135026142,-0.03002438979,0.003842980783,1
-0.00628258269,-0.01022903939,-0.01241846168,0.004044043579,1
-0.00628258269,-0.006955464581,-0.004499789138,0.003755592808,1
-0.00628258269,-0.003681889771,-0.002351180411,0.003534243199,1
-0.00628258269,-0.0004083149614,-0.0007223286069,0.002695144956,1
-0.00628258269,0.002865259848,0.001067099183,0.002061900242,1
-0.00628258269,0.006138834658,0.002863496934,0.0004684500892,1
-0.00628258269,0.009412409467,0.004420725012,0.002112905081,1
-0.00628258269,0.01268598428,0.006940338565,0.00621060776,1
-0.00628258269,0.01595955909,0.01806160338,0.01754115529,1
-0.00628258269,0.0192331339,0.02836781896,0.02090207551,1
-0.00628258269,0.02250670871,0.04004695809,0.02280157791,1
-0.00628258269,0.02578028352,0.04825562831,0.02620479291,1
-0.00628258269,0.02905385833,0.05362348567,0.03022112952,1
-0.00628258269,0.03232743314,0.05632266417,0.03292652526,1
-0.00628258269,0.03560100794,0.05726579686,0.03432293231,1
-0.00628258269,0.03887458275,0.05815504475,0.03225735013,1
-0.00628258269,0.04214815756,0.05427015219,0.03222560629,1
-0.00628258269,0.04542173237,0.05059714503,0.03170439441,1
-0.00628258269,0.04869530718,0.04776825414,0.02923063287,1
-0.00628258269,0.05196888199,0.04547884009,0.02068780156,1
-0.00300900788,-0.05605908673,-0.04420696492,-0.002429672974,1
-0.00300900788,-0.05278551192,-0.04692204127,-0.003547570891,1
-0.00300900788,-0.04951193711,-0.04842108237,-0.005253216233,1
-0.00300900788,-0.0462383623,-0.05187947987,-0.009237678888,1
-0.00300900788,-0.04296478749,-0.05730851782,-0.01398975695,1
-0.00300900788,-0.03969121268,-0.06210033904,-0.01726472087,1
-0.00300900788,-0.03641763787,-0.06610677066,-0.01841093594,1
-0.00300900788,-0.03314406306,-0.07229226377,-0.01719429794,1
-0.00300900788,-0.02987048825,-0.07501364196,-0.01533826633,1
-0.00300900788,-0.02659691344,-0.07325904201,-0.01240027569,1
-0.00300900788,-0.02332333863,-0.06877202366,-0.007605215835,1
-0.00300900788,-0.02004976382,-0.05655137586,-0.003386981674,1
-0.00300900788,-0.01677618901,-0.03522597063,-0.001809233724,1
-0.00300900788,-0.0135026142,-0.0181447767,0.0009114746124,1
-0.00300900788,-0.01022903939,-0.008569134073,0.0005151335871,1
-0.00300900788,-0.006955464581,-0.003408356832,0.00103455599,1
-0.00300900788,-0.003681889771,-0.001907846347,0.0005488010568,1
-0.00300900788,-0.0004083149614,-0.00132250917,0.001122413058,1
-0.00300900788,0.002865259848,0.000618610785,0.0008496023956,1
-0.00300900788,0.006138834658,0.001668403542,0.0003853333101,1
-0.00300900788,0.009412409467,0.003017459542,0.000357513915,1
-0.00300900788,0.01268598428,0.00577053322,0.003103982397,1
-0.00300900788,0.01595955909,0.01456091442,0.01025786467,1
-0.00300900788,0.0192331339,0.02376185664,0.01171450351,1
-0.00300900788,0.02250670871,0.03685681412,0.01536018791,1
-0.00300900788,0.02578028352,0.05013797195,0.01818519383,1
-0.00300900788,0.02905385833,0.05734590106,0.0221106601,1
-0.00300900788,0.03232743314,0.05908169881,0.02580915567,1
-0.00300900788,0.03560100794,0.06092825754,0.02769328882,1
-0.00300900788,0.03887458275,0.06098138244,0.02679437393,1
-0.00300900788,0.04214815756,0.056673525,0.0272197177,1
-0.00300900788,0.04542173237,0.05291265405,0.0274919776,1
-0.00300900788,0.04869530718,0.04932614835,0.02501027451,1
-0.00300900788,0.05196888199,0.04832324434,0.0185141894,1
0.0002645669297,-0.05605908673,-0.04335312158,-0.004706022374,1
0.0002645669297,-0.05278551192,-0.04542354093,-0.006095873815,1
0.0002645669297,-0.04951193711,-0.04785968633,-0.008140502764,1
0.0002645669297,-0.0462383623,-0.05212510165,-0.01180281537,1
0.0002645669297,-0.04296478749,-0.05673972645,-0.01661252286,1
0.0002645669297,-0.03969121268,-0.06081257985,-0.02136519274,1
0.0002645669297,-0.03641763787,-0.06561739123,-0.02394960766,1
0.0002645669297,-0.03314406306,-0.06987878052,-0.02421591186,1
0.0002645669297,-0.02987048825,-0.0723623243,-0.02275680325,1
0.0002645669297,-0.02659691344,-0.07149126494,-0.02033171634,1
0.0002645669297,-0.02332333863,-0.0650806259,-0.01619572938,1
0.0002645669297,-0.02004976382,-0.04522017862,-0.008253839115,1
0.0002645669297,-0.01677618901,-0.02163882941,0.0004162728654,1
0.0002645669297,-0.0135026142,-0.009125185271,0.0005681549818,1
0.0002645669297,-0.01022903939,-0.005791331884,-0.00161530946,1
0.0002645669297,-0.006955464581,-0.002924438757,-0.001076902306,1
0.0002645669297,-0.003681889771,-0.001659507479,-0.001560761971,1
0.0002645669297,-0.0004083149614,-0.0004202267953,-0.001437736234,1
0.0002645669297,0.002865259848,0.0005400826446,0.0002748238991,1
0.0002645669297,0.006138834658,0.0007910824805,-0.0002872645417,1
0.0002645669297,0.009412409467,0.002481655483,-0.0005008722189,1
0.0002645669297,0.01268598428,0.005603883694,0.0008540943697,1
0.0002645669297,0.01595955909,0.01288706853,0.002771219048,1
0.0002645669297,0.0192331339,0.02101093635,0.003409767484,1
0.0002645669297,0.02250670871,0.03525017371,0.007951644704,1
0.0002645669297,0.02578028352,0.04993741599,0.01089703664,1
0.0002645669297,0.02905385833,0.05949403038,0.01308809982,1
0.0002645669297,0.03232743314,0.06133437008,0.01725741503,1
0.0002645669297,0.03560100794,0.06285917946,0.02043113206,1
0.0002645669297,0.03887458275,0.06279350482,0.02172147749,1
0.0002645669297,0.04214815756,0.05892298292,0.02283241815,1
0.0002645669297,0.04542173237,0.05486242262,0.02188541912,1
0.0002645669297,0.04869530718,0.05184903895,0.01958594515,1
0.0002645669297,0.05196888199,0.05014995503,0.01514578514,1
0.003538141739,-0.05605908673,-0.04251611535,-0.009652002399,1
0.003538141739,-0.05278551192,-0.04449351942,-0.008732678146,1
0.003538141739,-0.04951193711,-0.04683690522,-0.01119701641,1
0.003538141739,-0.0462383623,-0.04986177923,-0.01463206361,1
0.003538141739,-0.04296478749,-0.05276280406,-0.02020095274,1
0.003538141739,-0.03969121268,-0.05822614247,-0.02538435298,1
0.003538141739,-0.03641763787,-0.06189066212,-0.02909042058,1
0.003538141739,-0.03314406306,-0.06762121568,-0.03031354978,1
0.003538141739,-0.02987048825,-0.06700664784,-0.03113560464,1
0.003538141739,-0.02659691344,-0.06645600136,-0.02816025392,1
0.003538141739,-0.02332333863,-0.06038944529,-0.02402866936,1
0.003538141739,-0.02004976382,-0.03965307947,-0.01324025338,1
0.003538141739,-0.01677618901,-0.01931693694,-0.00323238542,1
0.003538141739,-0.0135026142,-0.007796638319,-0.002822501889,1
0.003538141739,-0.01022903939,-0.005738109049,-0.003593341796,1
0.003538141739,-0.006955464581,-0.003026860188,-0.002586232103,1
0.003538141739,-0.003681889771,-0.001422015433,-0.002531304354,1
0.003538141739,-0.0004083149614,-0.0002075590085,-0.002237071193,1
0.003538141739,0.002865259848,-4.453052218e-05,-0.001313579833,1
0.003538141739,0.006138834658,0.001354331437,-0.001420350054,1
0.003538141739,0.009412409467,0.002353888867,-0.001229118818,1
0.003538141739,0.01268598428,0.007194773123,-0.0005370523525,1
0.003538141739,0.01595955909,0.01442868387,-0.001736746239,1
0.003538141739,0.0192331339,0.02107237714,-0.0003636737586,1
0.003538141739,0.02250670871,0.03605807293,0.002894072814,1
0.003538141739,0.02578028352,0.05087937616,0.005196655607,1
0.003538141739,0.02905385833,0.06038116148,0.006890320637,1
0.003538141739,0.03232743314,0.06399221986,0.01134334551,1
0.003538141739,0.03560100794,0.06501329694,0.01566414469,1
0.003538141739,0.03887458275,0.06307231687,0.01761538323,1
0.003538141739,0.04214815756,0.06025651994,0.01732192201,1
0.003538141739,0.04542173237,0.05606819081,0.01692763217,1
0.003538141739,0.04869530718,0.05296551453,0.01444218051,1
0.003538141739,0.05196888199,0.05172481125,0.009560522219,1
0.006811716549,-0.05605908673,-0.04237096654,-0.01240211807,1
0.006811716549,-0.05278551192,-0.04286654149,-0.01173190038,1
0.006811716549,-0.04951193711,-0.04523584602,-0.0134026799,1
0.006811716549,-0.0462383623,-0.04791689397,-0.01778250965,1
0.006811716549,-0.04296478749,-0.05034331024,-0.0241515167,1
0.006811716549,-0.03969121268,-0.0544189079,-0.02983152395,1
0.006811716549,-0.03641763787,-0.05863590816,-0.03398239455,1
0.006811716549,-0.03314406306,-0.06180474669,-0.03607541313,1
0.006811716549,-0.02987048825,-0.06215395125,-0.03773833487,1
0.006811716549,-0.02659691344,-0.06122619615,-0.03637755336,1
0.006811716549,-0.02332333863,-0.05720087345,-0.03325426212,1
0.006811716549,-0.02004976382,-0.04109483701,-0.02550324008,1
0.006811716549,-0.01677618901,-0.02248104615,-0.01536988485,1
0.006811716549,-0.0135026142,-0.01194781445,-0.01109849846,1
0.006811716549,-0.01022903939,-0.00823699526,-0.00897923311,1
0.006811716549,-0.006955464581,-0.003530745363,-0.00440037645,1
0.006811716549,-0.003681889771,-0.001754300552,-0.004076341754,1
0.006811716549,-0.0004083149614,-0.0003248398851,-0.003235709408,1
0.006811716549,0.002865259848,0.0007681952306,-0.003056563823,1
0.006811716549,0.006138834658,0.001449598192,-0.002081744175,1
0.006811716549,0.009412409467,0.004413740122,-0.002595589185,1
0.006811716549,0.01268598428,0.01361005396,-0.004007467264,1
0.006811716549,0.01595955909,0.02141572002,-0.006075227679,1
0.006811716549,0.0192331339,0.02819792098,-0.005216720738,1
0.006811716549,0.02250670871,0.04281142066,-0.004000762805,1
0.006811716549,0.02578028352,0.05543206447,-0.001962794598,1
0.006811716549,0.02905385833,0.06285852605,0.002428255718,1
0.006811716549,0.03232743314,0.06497481995,0.00737975992,1
0.006811716549,0.03560100794,0.06626430841,0.0106608626,1
0.006811716549,0.03887458275,0.06498601843,0.01272987199,1
0.006811716549,0.04214815756,0.06060990931,0.01294461584,1
0.006811716549,0.04542173237,0.05665837799,0.0118461187,1
0.006811716549,0.04869530718,0.05337420969,0.01041351232,1
0.006811716549,0.05196888199,0.05207003488,0.005693556215,1
0.01008529136,-0.05605908673,-0.04192826028,-0.01457968237,1
0.01008529136,-0.05278551192,-0.04050864258,-0.01449373873,1
0.01008529136,-0.04951193711,-0.04379582771,-0.01486583403,1
0.01008529136,-0.0462383623,-0.04593800233,-0.0195544273,1
0.01008529136,-0.04296478749,-0.04820401878,-0.02637955756,1
0.01008529136,-0.03969121268,-0.04894633477,-0.03212339777,1
0.01008529136,-0.03641763787,-0.05298573506,-0.03840443186,1
0.01008529136,-0.03314406306,-0.05572085147,-0.04187530675,1
0.01008529136,-0.02987048825,-0.05670460589,-0.04353097599,1
0.01008529136,-0.02659691344,-0.05551836091,-0.04379080935,1
0.01008529136,-0.02332333863,-0.05109575912,-0.04274265394,1
0.01008529136,-0.02004976382,-0.04095746537,-0.03962214524,1
0.01008529136,-0.01677618901,-0.02809794434,-0.03342042549,1
0.01008529136,-0.0135026142,-0.01853419902,-0.02840041558,1
0.01008529136,-0.01022903939,-0.01168826773,-0.02310418118,1
0.01008529136,-0.006955464581,-0.005009510674,-0.01398193093,1
0.01008529136,-0.003681889771,-0.002211251106,-0.01067703713,1
0.01008529136,-0.0004083149614,2.653687065e-05,-0.00798834033,1
0.01008529136,0.002865259848,0.001595838988,-0.006164479009,1
0.01008529136,0.006138834658,0.005398092312,-0.006574394221,1
0.01008529136,0.009412409467,0.01289901879,-0.008562629969,1
0.01008529136,0.01268598428,0.01989309705,-0.009098462031,1
0.01008529136,0.01595955909,0.0267296327,-0.01016650462,1
0.01008529136,0.0192331339,0.03898293776,-0.01167299481,1
0.01008529136,0.02250670871,0.05163225578,-0.01038050352,1
0.01008529136,0.02578028352,0.05938891376,-0.007993909694,1
0.01008529136,0.02905385833,0.06454234077,-0.001907380699,1
0.01008529136,0.03232743314,0.06675015764,0.00292583195,1
0.01008529136,0.03560100794,0.06770445673,0.005308378653,1
0.01008529136,0.03887458275,0.06679144502,0.00968748872,1
0.01008529136,0.04214815756,0.06158763265,0.01036984695,1
0.01008529136,0.04542173237,0.05714136168,0.008636196825,1
0.01008529136,0.04869530718,0.05324617854,0.007257268258,1
0.01008529136,0.05196888199,0.05111753574,0.002424318834,1
0.01335886617,-0.05605908673,-0.04001616085,-0.01509134317,1
0.01335886617,-0.05278551192,-0.03982093706,-0.01709441672,1
0.01335886617,-0.04951193711,-0.04152875517,-0.01789107706,1
0.01335886617,-0.0462383623,-0.04326755552,-0.02133801149,1
0.01335886617,-0.04296478749,-0.04517471268,-0.02675664548,1
0.01335886617,-0.03969121268,-0.04580980819,-0.0347066843,1
0.01335886617,-0.03641763787,-0.04788256893,-0.04086368199,1
0.01335886617,-0.03314406306,-0.05007966982,-0.04678457128,1
0.01335886617,-0.02987048825,-0.05086772061,-0.04891471023,1
0.01335886617,-0.02659691344,-0.04975187765,-0.05212456194,1
0.01335886617,-0.02332333863,-0.04483253481,-0.05101527354,1
0.01335886617,-0.02004976382,-0.03909521285,-0.0498092861,1
0.01335886617,-0.01677618901,-0.03095511472,-0.04627021936,1
0.01335886617,-0.0135026142,-0.02159237893,-0.04327683422,1
0.01335886617,-0.01022903939,-0.01380011255,-0.03751695086,1
0.01335886617,-0.006955464581,-0.004585296806,-0.03155742748,1
0.01335886617,-0.003681889771,-0.001195391062,-0.02734306708,1
0.01335886617,-0.0004083149614,0.0035933939,-0.02294584789,1
0.01335886617,0.002865259848,0.007475129076,-0.01875768041,1
0.01335886617,0.006138834658,0.01315504629,-0.02040899877,1
0.01335886617,0.009412409467,0.0208853706,-0.02116291689,1
0.01335886617,0.01268598428,0.02639495475,-0.01925699769,1
0.01335886617,0.01595955909,0.03557290789,-0.0206141121,1
0.01335886617,0.0192331339,0.04685399398,-0.02106644714,1
0.01335886617,0.02250670871,0.05506921787,-0.01864542581,1
0.01335886617,0.02578028352,0.06144517346,-0.01442332731,1
0.01335886617,0.02905385833,0.06612645978,-0.007491415995,1
0.01335886617,0.03232743314,0.06787117565,-0.0006419669253,1
0.01335886617,0.03560100794,0.06900988219,0.001497350331,1
0.01335886617,0.03887458275,0.06757398813,0.004228722497,1
0.01335886617,0.04214815756,0.06192996704,0.006083883721,1
0.01335886617,0.04542173237,0.05734836406,0.00475535674,1
0.01335886617,0.04869530718,0.0535022765,0.004144971178,1
0.01335886617,0.05196888199,0.04957945753,-0.0001020289493,1
0.01663244098,-0.05605908673,-0.04070674246,-0.01577280549,1
0.01663244098,-0.05278551192,-0.0401317311,-0.01758706067,1
0.01663244098,-0.04951193711,-0.03921321133,-0.01889928192,1
0.01663244098,-0.0462383623,-0.04117047159,-0.02245671511,1
0.01663244098,-0.04296478749,-0.04143685107,-0.02802638778,1
0.01663244098,-0.03969121268,-0.04267632204,-0.03530044925,1
0.01663244098,-0.03641763787,-0.04317798503,-0.04342552678,1
0.01663244098,-0.03314406306,-0.0432709828,-0.04830072773,1
0.01663244098,-0.02987048825,-0.04444682466,-0.05409102543,1
0.01663244098,-0.02659691344,-0.04236588053,-0.05592037373,1
0.01663244098,-0.02332333863,-0.0393501843,-0.05740722386,1
0.01663244098,-0.02004976382,-0.03505466169,-0.05671813983,1
0.01663244098,-0.01677618901,-0.02851149495,-0.05575578468,1
0.01663244098,-0.0135026142,-0.02031903866,-0.05415222197,1
0.01663244098,-0.01022903939,-0.01005498583,-0.04872564724,1
0.01663244098,-0.006955464581,-0.004808681726,-0.04675572859,1
0.01663244098,-0.003681889771,0.0007702529762,-0.04356512343,1
0.01663244098,-0.0004083149614,0.006906967152,-0.04207278314,1
0.01663244098,0.002865259848,0.0125575572,-0.03912790036,1
0.01663244098,0.006138834658,0.01937378942,-0.03664462276,1
0.01663244098,0.009412409467,0.02676056507,-0.03512866855,1
0.01663244098,0.01268598428,0.03508927509,-0.03332850206,1
0.01663244098,0.01595955909,0.04375740349,-0.03278282706,1
0.01663244098,0.0192331339,0.05268641556,-0.03110085561,1
0.01663244098,0.02250670871,0.05910097695,-0.02568046432,1
0.01663244098,0.02578028352,0.06481016824,-0.01906847715,1
0.01663244098,0.02905385833,0.06950477469,-0.01271163449,1
0.01663244098,0.03232743314,0.07000817801,-0.007730835054,1
0.01663244098,0.03560100794,0.06928656651,-0.00361240509,1
0.01663244098,0.03887458275,0.06774006278,2.825022644e-05,1
0.01663244098,0.04214815756,0.06259515052,0.001673202415,1
0.01663244098,0.04542173237,0.05742687115,0.0008409269371,1
0.01663244098,0.04869530718,0.05199216741,-0.0001507781142,1
0.01663244098,0.05196888199,0.04745516219,-0.003434778652,1
0.01990601579,-0.05605908673,-0.04077695509,-0.01412309943,1
0.01990601579,-0.05278551192,-0.04026604876,-0.01823198912,1
0.01990601579,-0.04951193711,-0.03827921012,-0.01990029695,1
0.01990601579,-0.0462383623,-0.03831012863,-0.02341987999,1
0.01990601579,-0.04296478749,-0.03742897644,-0.02964090785,1
0.01990601579,-0.03969121268,-0.03775445585,-0.03520135587,1
0.01990601579,-0.03641763787,-0.03711695128,-0.0436106956,1
0.01990601579,-0.03314406306,-0.0378250087,-0.04869751551,1
0.01990601579,-0.02987048825,-0.03775046207,-0.05432821528,1
0.01990601579,-0.02659691344,-0.03693775755,-0.05928874491,1
0.01990601579,-0.02332333863,-0.03445355813,-0.06292083042,1
0.01990601579,-0.02004976382,-0.03055650007,-0.06398014523,1
0.01990601579,-0.01677618901,-0.02546055713,-0.06236858004,1
0.01990601579,-0.0135026142,-0.01896065658,-0.06126906947,1
0.01990601579,-0.01022903939,-0.0100409493,-0.05851958395,1
0.01990601579,-0.006955464581,-0.004996806559,-0.05708930428,1
0.01990601579,-0.003681889771,0.001421665654,-0.05619530733,1
0.01990601579,-0.0004083149614,0.008875503461,-0.05617177737,1
0.01990601579,0.002865259848,0.01633900489,-0.05406825839,1
0.01990601579,0.006138834658,0.02353508555,-0.05150222825,1
0.01990601579,0.009412409467,0.03202752403,-0.04794726082,1
0.01990601579,0.01268598428,0.04035590305,-0.04572708529,1
0.01990601579,0.01595955909,0.04819838167,-0.04123718021,1
0.01990601579,0.0192331339,0.05607799872,-0.03731256881,1
0.01990601579,0.02250670871,0.06363998677,-0.02964263686,1
0.01990601579,0.02578028352,0.06696423031,-0.02348179887,1
0.01990601579,0.02905385833,0.07109455286,-0.01719519779,1
0.01990601579,0.03232743314,0.07091883536,-0.01332318623,1
0.01990601579,0.03560100794,0.07118810335,-0.008668231344,1
0.01990601579,0.03887458275,0.06829249958,-0.00473410312,1
0.01990601579,0.04214815756,0.06319631957,-0.001837558025,1
0.01990601579,0.04542173237,0.05684048734,-0.001985602598,1
0.01990601579,0.04869530718,0.05119787156,-0.002846411046,1
0.01990601579,0.05196888199,0.04615444328,-0.006217822563,1
0.0231795906,-0.05605908673,-0.03716794727,-0.01529493421,1
0.0231795906,-0.05278551192,-0.03745094511,-0.02010118337,1
0.0231795906,-0.04951193711,-0.03608851686,-0.02082941962,1
0.0231795906,-0.0462383623,-0.03528306755,-0.02387861689,1
0.0231795906,-0.04296478749,-0.03501577861,-0.02966305465,1
0.0231795906,-0.03969121268,-0.03399300767,-0.03524871691,1
0.0231795906,-0.03641763787,-0.03254402133,-0.04202811811,1
0.0231795906,-0.03314406306,-0.03268232251,-0.04809038425,1
0.0231795906,-0.02987048825,-0.03178466227,-0.05407252981,1
0.0231795906,-0.02659691344,-0.02979297589,-0.06054523561,1
0.0231795906,-0.02332333863,-0.02977155734,-0.06456510896,1
0.0231795906,-0.02004976382,-0.02551660568,-0.06664310981,1
0.0231795906,-0.01677618901,-0.02083213062,-0.06685378797,1
0.0231795906,-0.0135026142,-0.01476719979,-0.06826941575,1
0.0231795906,-0.01022903939,-0.008674170179,-0.06811009305,1
0.0231795906,-0.006955464581,-0.002749316038,-0.06445475071,1
0.0231795906,-0.003681889771,0.00408627936,-0.06427559123,1
0.0231795906,-0.0004083149614,0.01071721231,-0.06262208733,1
0.0231795906,0.002865259848,0.01768266754,-0.06084917768,1
0.0231795906,0.006138834658,0.02616533429,-0.0594480085,1
0.0231795906,0.009412409467,0.03435645064,-0.05554577991,1
0.0231795906,0.01268598428,0.04254147648,-0.05214282694,1
0.0231795906,0.01595955909,0.0517742917,-0.04646227361,1
0.0231795906,0.0192331339,0.05892805976,-0.03930938274,1
0.0231795906,0.02250670871,0.06448699451,-0.03391574716,1
0.0231795906,0.02578028352,0.06842428152,-0.02668466248,1
0.0231795906,0.02905385833,0.07067238571,-0.02101635175,1
0.0231795906,0.03232743314,0.07006096831,-0.01730259335,1
0.0231795906,0.03560100794,0.06907388463,-0.0116790984,1
0.0231795906,0.03887458275,0.06605709781,-0.009140154966,1
0.0231795906,0.04214815756,0.06143849365,-0.005897290051,1
0.0231795906,0.04542173237,0.0551923468,-0.006101231206,1
0.0231795906,0.04869530718,0.04925666509,-0.00631649443,1
0.0231795906,0.05196888199,0.04517947054,-0.009608974601,1
0.02645316541,-0.05605908673,-0.03274979392,-0.01510297495,1
0.02645316541,-0.05278551192,-0.03326072524,-0.02134444408,1
0.02645316541,-0.04951193711,-0.03298632278,-0.02045195639,1
0.02645316541,-0.0462383623,-0.03285470319,-0.02397874155,1
0.02645316541,-0.04296478749,-0.03272915429,-0.0298134101,1
0.02645316541,-0.03969121268,-0.0318562627,-0.0352023882,1
0.02645316541,-0.03641763787,-0.03079047006,-0.0416674814,1
0.02645316541,-0.03314406306,-0.029581207,-0.04623254237,1
0.02645316541,-0.02987048825,-0.02780019808,-0.05239901554,1
0.02645316541,-0.02659691344,-0.02576700965,-0.05871825531,1
0.02645316541,-0.02332333863,-0.02440469989,-0.06295536913,1
0.02645316541,-0.02004976382,-0.02183397165,-0.06778717693,1
0.02645316541,-0.01677618901,-0.0176633856,-0.06994581153,1
0.02645316541,-0.0135026142,-0.01278378911,-0.0715285809,1
0.02645316541,-0.01022903939,-0.006024999838,-0.07315642989,1
0.02645316541,-0.006955464581,-0.001761597698,-0.0711263656,1
0.02645316541,-0.003681889771,0.005758847318,-0.0695478806,1
0.02645316541,-0.0004083149614,0.01241399347,-0.06711154758,1
0.02645316541,0.002865259848,0.02004173525,-0.06389359704,1
0.02645316541,0.006138834658,0.02918800986,-0.06164718092,1
0.02645316541,0.009412409467,0.03748173964,-0.05970670894,1
0.02645316541,0.01268598428,0.04630053136,-0.0546573646,1
0.02645316541,0.01595955909,0.0543713747,-0.04903226111,1
0.02645316541,0.0192331339,0.0612078271,-0.04173542279,1
0.02645316541,0.02250670871,0.06564097697,-0.03486172475,1
0.02645316541,0.02578028352,0.06780557105,-0.02862788826,1
0.02645316541,0.02905385833,0.06774062677,-0.02393591031,1
0.02645316541,0.03232743314,0.06862806171,-0.01954406113,1
0.02645316541,0.03560100794,0.06674146599,-0.01572300257,1
0.02645316541,0.03887458275,0.06377172686,-0.01153791304,1
0.02645316541,0.04214815756,0.05823160878,-0.009825637678,1
0.02645316541,0.04542173237,0.05222855204,-0.01071288724,1
0.02645316541,0.04869530718,0.04654514187,-0.01114977071,1
0.02645316541,0.05196888199,0.04246240362,-0.01467316802,1
0.02972674022,-0.05605908673,-0.02907961986,-0.01309996668,1
0.02972674022,-0.05278551192,-0.02917044046,-0.02003363908,1
0.02972674022,-0.04951193711,-0.02986647868,-0.02115083773,1
0.02972674022,-0.0462383623,-0.03124239167,-0.02421225042,1
0.02972674022,-0.04296478749,-0.03086942751,-0.02946587401,1
0.02972674022,-0.03969121268,-0.02988064618,-0.03432549153,1
0.02972674022,-0.03641763787,-0.02839833266,-0.03930978846,1
0.02972674022,-0.03314406306,-0.02755146167,-0.04502776434,1
0.02972674022,-0.02987048825,-0.0257358824,-0.05058629667,1
0.02972674022,-0.02659691344,-0.02259751982,-0.05591064955,1
0.02972674022,-0.02332333863,-0.0198466488,-0.06165337998,1
0.02972674022,-0.02004976382,-0.01806438049,-0.06737937871,1
0.02972674022,-0.01677618901,-0.01322176228,-0.06848912185,1
0.02972674022,-0.0135026142,-0.008384183502,-0.07130244265,1
0.02972674022,-0.01022903939,-0.001872636186,-0.07245644253,1
0.02972674022,-0.006955464581,0.002172258999,-0.07278814855,1
0.02972674022,-0.003681889771,0.008542903276,-0.07076208644,1
0.02972674022,-0.0004083149614,0.01586165479,-0.06893838058,1
0.02972674022,0.002865259848,0.0237576559,-0.06636037501,1
0.02972674022,0.006138834658,0.03137067664,-0.06362969724,1
0.02972674022,0.009412409467,0.0383801456,-0.05934978315,1
0.02972674022,0.01268598428,0.04645218176,-0.05407092233,1
0.02972674022,0.01595955909,0.05514649074,-0.04856018287,1
0.02972674022,0.0192331339,0.05986414782,-0.0424650854,1
0.02972674022,0.02250670871,0.06244002346,-0.03656224566,1
0.02972674022,0.02578028352,0.06499566635,-0.02988689144,1
0.02972674022,0.02905385833,0.0658704118,-0.02678293346,1
0.02972674022,0.03232743314,0.06605676432,-0.02279835483,1
0.02972674022,0.03560100794,0.06357505517,-0.01969036533,1
0.02972674022,0.03887458275,0.05869237907,-0.01599310893,1
0.02972674022,0.04214815756,0.05341598757,-0.01418822724,1
0.02972674022,0.04542173237,0.04825039661,-0.01481301197,1
0.02972674022,0.04869530718,0.04351457241,-0.01621747507,1
0.02972674022,0.05196888199,0.04002927738,-0.01799006336,1
0.03300031503,-0.05605908673,-0.02831107088,-0.01340749451,1
0.03300031503,-0.05278551192,-0.02745673549,-0.01936273138,1
0.03300031503,-0.04951193711,-0.02763067788,-0.02075247746,1
0.03300031503,-0.0462383623,-0.02905948366,-0.02429912297,1
0.03300031503,-0.04296478749,-0.02808872435,-0.02802920254,1
0.03300031503,-0.03969121268,-0.0272512087,-0.03264143338,1
0.03300031503,-0.03641763787,-0.02567494958,-0.0372312864,1
0.03300031503,-0.03314406306,-0.02417716101,-0.04323223905,1
0.03300031503,-0.02987048825,-0.02196562184,-0.04746634335,1
0.03300031503,-0.02659691344,-0.02018939155,-0.05333169324,1
0.03300031503,-0.02332333863,-0.01636982019,-0.05841581588,1
0.03300031503,-0.02004976382,-0.01319853096,-0.06318067449,1
0.03300031503,-0.01677618901,-0.008516001127,-0.06661909278,1
0.03300031503,-0.0135026142,-0.002976635182,-0.06809250354,1
0.03300031503,-0.01022903939,0.00248885545,-0.07009040235,1
0.03300031503,-0.006955464581,0.007369570362,-0.07054766763,1
0.03300031503,-0.003681889771,0.01245123209,-0.06931829141,1
0.03300031503,-0.0004083149614,0.01978375841,-0.06617438191,1
0.03300031503,0.002865259848,0.02708988404,-0.06516541053,1
0.03300031503,0.006138834658,0.0339277247,-0.06277205634,1
0.03300031503,0.009412409467,0.03898392628,-0.05830323056,1
0.03300031503,0.01268598428,0.0464729124,-0.05307102035,1
0.03300031503,0.01595955909,0.05187613193,-0.0479533141,1
0.03300031503,0.0192331339,0.05619529884,-0.04365726645,1
0.03300031503,0.02250670871,0.06037688822,-0.03728140218,1
0.03300031503,0.02578028352,0.06234125327,-0.03148532723,1
0.03300031503,0.02905385833,0.0624683366,-0.02915119205,1
0.03300031503,0.03232743314,0.0602050368,-0.02645678094,1
0.03300031503,0.03560100794,0.05762456686,-0.02256672379,1
0.03300031503,0.03887458275,0.053484732,-0.01929418909,1
0.03300031503,0.04214815756,0.04883739569,-0.01874331106,1
0.03300031503,0.04542173237,0.04377740011,-0.01971981626,1
0.03300031503,0.04869530718,0.04044358653,-0.02071552514,1
0.03300031503,0.05196888199,0.03716513269,-0.02164107702,1
0.03627388984,-0.05605908673,-0.0251667573,-0.01367674299,1
0.03627388984,-0.05278551192,-0.025229091,-0.01897061345,1
0.03627388984,-0.04951193711,-0.02461162009,-0.01980153008,1
0.03627388984,-0.0462383623,-0.02627245239,-0.02266144699,1
0.03627388984,-0.04296478749,-0.02651167394,-0.02719140406,1
0.03627388984,-0.03969121268,-0.02540434714,-0.03109482508,1
0.03627388984,-0.03641763787,-0.02407251237,-0.03506204543,1
0.03627388984,-0.03314406306,-0.02183760635,-0.0388604207,1
0.03627388984,-0.02987048825,-0.01973343982,-0.04437106445,1
0.03627388984,-0.02659691344,-0.01741371771,-0.04952300653,1
0.03627388984,-0.02332333863,-0.01383258593,-0.05427705453,1
0.03627388984,-0.02004976382,-0.01021080257,-0.05741973835,1
0.03627388984,-0.01677618901,-0.005811068361,-0.06082428768,1
0.03627388984,-0.0135026142,-0.0007690266908,-0.06288183598,1
0.03627388984,-0.01022903939,0.004154472849,-0.06567220519,1
0.03627388984,-0.006955464581,0.009686197022,-0.0648385401,1
0.03627388984,-0.003681889771,0.01472023329,-0.06538518112,1
0.03627388984,-0.0004083149614,0.02105220393,-0.06228273838,1
0.03627388984,0.002865259848,0.02826951538,-0.06195600675,1
0.03627388984,0.006138834658,0.032958897,-0.06033398409,1
0.03627388984,0.009412409467,0.03881136637,-0.05539278458,1
0.03627388984,0.01268598428,0.0445555063,-0.05187230728,1
0.03627388984,0.01595955909,0.04961965821,-0.04669352479,1
0.03627388984,0.0192331339,0.05294818321,-0.04204648992,1
0.03627388984,0.02250670871,0.05622365998,-0.03694192329,1
0.03627388984,0.02578028352,0.05754427044,-0.03345538696,1
0.03627388984,0.02905385833,0.05668266411,-0.03114343481,1
0.03627388984,0.03232743314,0.05408626511,-0.02916585575,1
0.03627388984,0.03560100794,0.05053655857,-0.02560427165,1
0.03627388984,0.03887458275,0.04701195825,-0.02343858684,1
0.03627388984,0.04214815756,0.04301368094,-0.02349174931,1
0.03627388984,0.04542173237,0.0393111377,-0.02412286988,1
0.03627388984,0.04869530718,0.03699806586,-0.02407637067,1
0.03627388984,0.05196888199,0.03366212871,-0.02308702556,1
0.03954746465,-0.05605908673,-0.02536475078,-0.01441369773,1
0.03954746465,-0.05278551192,-0.02336445912,-0.01718290309,1
0.03954746465,-0.04951193711,-0.02273359511,-0.01981240961,1
0.03954746465,-0.0462383623,-0.02420794562,-0.02136418083,1
0.03954746465,-0.04296478749,-0.02358184932,-0.02579715589,1
0.03954746465,-0.03969121268,-0.02313196695,-0.02933680962,1
0.03954746465,-0.03641763787,-0.02187293603,-0.03300425878,1
0.03954746465,-0.03314406306,-0.02037037903,-0.03674403312,1
0.03954746465,-0.02987048825,-0.01743516987,-0.0402075526,1
0.03954746465,-0.02659691344,-0.01538790386,-0.04501879369,1
0.03954746465,-0.02332333863,-0.01239051756,-0.04949996458,1
0.03954746465,-0.02004976382,-0.008841970625,-0.05234458497,1
0.03954746465,-0.01677618901,-0.005107668747,-0.05591234589,1
0.03954746465,-0.0135026142,-0.0006151657704,-0.05828753822,1
0.03954746465,-0.01022903939,0.004370378213,-0.06069528908,1
0.03954746465,-0.006955464581,0.008896226473,-0.06071417714,1
0.03954746465,-0.003681889771,0.01534131532,-0.05942464342,1
0.03954746465,-0.0004083149614,0.02178114747,-0.0585934459,1
0.03954746465,0.002865259848,0.02714884972,-0.0570087363,1
0.03954746465,0.006138834658,0.03200650598,-0.05533438703,1
0.03954746465,0.009412409467,0.03597225378,-0.05230337702,1
0.03954746465,0.01268598428,0.04151158069,-0.04864950579,1
0.03954746465,0.01595955909,0.04543994347,-0.04544726751,1
0.03954746465,0.0192331339,0.04834276658,-0.04130306731,1
0.03954746465,0.02250670871,0.05165583298,-0.0378100845,1
0.03954746465,0.02578028352,0.05220602525,-0.03539905312,1
0.03954746465,0.02905385833,0.05114091064,-0.03269300757,1
0.03954746465,0.03232743314,0.04825509621,-0.02984890607,1
0.03954746465,0.03560100794,0.04511164944,-0.02801124822,1
0.03954746465,0.03887458275,0.04141998856,-0.02779934915,1
0.03954746465,0.04214815756,0.03804329007,-0.02689057248,1
0.03954746465,0.04542173237,0.03551595625,-0.02726052001,1
0.03954746465,0.04869530718,0.03271605787,-0.02607455061,1
0.03954746465,0.05196888199,0.03038601909,-0.02373099371,1
0.04282103946,-0.05605908673,-0.02093010681,-0.01240567253,1
0.04282103946,-0.05278551192,-0.02133526941,-0.01458724616,1
0.04282103946,-0.04951193711,-0.02019196879,-0.01797704914,1
0.04282103946,-0.0462383623,-0.02186919676,-0.02099327931,1
0.04282103946,-0.04296478749,-0.02167014735,-0.02437914201,1
0.04282103946,-0.03969121268,-0.02122592167,-0.02709674374,1
0.04282103946,-0.03641763787,-0.02059043876,-0.03075132292,1
0.04282103946,-0.03314406306,-0.0192670101,-0.03409388487,1
0.04282103946,-0.02987048825,-0.01722945991,-0.03681801728,1
0.04282103946,-0.02659691344,-0.01402239588,-0.0402605634,1
0.04282103946,-0.02332333863,-0.01016155529,-0.04354231534,1
0.04282103946,-0.02004976382,-0.007285344076,-0.04759949731,1
0.04282103946,-0.01677618901,-0.003947592512,-0.05148279772,1
0.04282103946,-0.0135026142,-0.0001810774332,-0.0534907974,1
0.04282103946,-0.01022903939,0.004254317842,-0.05500546916,1
0.04282103946,-0.006955464581,0.009751650926,-0.05577980496,1
0.04282103946,-0.003681889771,0.01450211901,-0.05517478565,1
0.04282103946,-0.0004083149614,0.01946931017,-0.05448831819,1
0.04282103946,0.002865259848,0.02577456603,-0.05223940021,1
0.04282103946,0.006138834658,0.02927958478,-0.05141137676,1
0.04282103946,0.009412409467,0.03295567047,-0.04953215669,1
0.04282103946,0.01268598428,0.03807445127,-0.04690615218,1
0.04282103946,0.01595955909,0.04083549673,-0.04366784072,1
0.04282103946,0.0192331339,0.04330637519,-0.04166869696,1
0.04282103946,0.02250670871,0.04537299808,-0.03873583746,1
0.04282103946,0.02578028352,0.04642353026,-0.03575178024,1
0.04282103946,0.02905385833,0.04459930673,-0.0330619976,1
0.04282103946,0.03232743314,0.04154022837,-0.03161738177,1
0.04282103946,0.03560100794,0.03941339236,-0.03079925055,1
0.04282103946,0.03887458275,0.03756583201,-0.02994687546,1
0.04282103946,0.04214815756,0.03510550382,-0.02778047617,1
0.04282103946,0.04542173237,0.03244272846,-0.02704479446,1
0.04282103946,0.04869530718,0.02994185197,-0.02617959314,1
0.04282103946,0.05196888199,0.02663445838,-0.02241901594,1
0.04609461426,-0.05605908673,-0.01613259775,-0.01108212315,1
0.04609461426,-0.05278551192,-0.0180568405,-0.01359476599,1
0.04609461426,-0.04951193711,-0.01923909132,-0.01664681598,1
0.04609461426,-0.0462383623,-0.01953693516,-0.01980528177,1
0.04609461426,-0.04296478749,-0.02000101172,-0.02281964742,1
0.04609461426,-0.03969121268,-0.01950939949,-0.02582980367,1
0.04609461426,-0.03641763787,-0.01828991172,-0.02957089868,1
0.04609461426,-0.03314406306,-0.01750378681,-0.03185497202,1
0.04609461426,-0.02987048825,-0.01637997578,-0.03489108629,1
0.04609461426,-0.02659691344,-0.01415361217,-0.0370398097,1
0.04609461426,-0.02332333863,-0.009599193369,-0.03972902698,1
0.04609461426,-0.02004976382,-0.006175133189,-0.04247331572,1
0.04609461426,-0.01677618901,-0.003216303817,-0.04639806784,1
0.04609461426,-0.0135026142,-0.0003315592563,-0.04928698053,1
0.04609461426,-0.01022903939,0.004604675818,-0.04994170322,1
0.04609461426,-0.006955464581,0.008660973849,-0.05148023861,1
0.04609461426,-0.003681889771,0.01373686251,-0.05114979428,1
0.04609461426,-0.0004083149614,0.01748055564,-0.04987671883,1
0.04609461426,0.002865259848,0.02210920547,-0.0497357111,1
0.04609461426,0.006138834658,0.02572348678,-0.04899925345,1
0.04609461426,0.009412409467,0.02999150022,-0.04631934067,1
0.04609461426,0.01268598428,0.03364775327,-0.04460332836,1
0.04609461426,0.01595955909,0.03677179561,-0.04159413615,1
0.04609461426,0.0192331339,0.0388514354,-0.04040711054,1
0.04609461426,0.02250670871,0.04005573911,-0.03945716293,1
0.04609461426,0.02578028352,0.04041979376,-0.03658806215,1
0.04609461426,0.02905385833,0.03874233465,-0.03557540638,1
0.04609461426,0.03232743314,0.03686297501,-0.03360303635,1
0.04609461426,0.03560100794,0.03557066791,-0.03198676252,1
0.04609461426,0.03887458275,0.03307550274,-0.02992872157,1
0.04609461426,0.04214815756,0.03101109415,-0.02768222738,1
0.04609461426,0.04542173237,0.02770718946,-0.02602391764,1
0.04609461426,0.04869530718,0.0249170407,-0.0245411445,1
0.04609461426,0.05196888199,0.02203005419,-0.02074176796,1
0.04936818907,-0.05605908673,-0.01374010305,-0.01153637266,1
0.04936818907,-0.05278551192,-0.01507848395,-0.01453347842,1
0.04936818907,-0.04951193711,-0.01859803577,-0.01631029351,1
0.04936818907,-0.0462383623,-0.01903236028,-0.01853360268,1
0.04936818907,-0.04296478749,-0.01993436299,-0.02237213115,1
0.04936818907,-0.03969121268,-0.0190038804,-0.02493803018,1
0.04936818907,-0.03641763787,-0.01810463621,-0.02713237227,1
0.04936818907,-0.03314406306,-0.01624628915,-0.03014806965,1
0.04936818907,-0.02987048825,-0.01519592697,-0.0327894546,1
0.04936818907,-0.02659691344,-0.01467319461,-0.03565209344,1
0.04936818907,-0.02332333863,-0.01182453433,-0.03751339135,1
0.04936818907,-0.02004976382,-0.00785711264,-0.04049783375,1
0.04936818907,-0.01677618901,-0.004809738572,-0.04217952967,1
0.04936818907,-0.0135026142,-0.002212863455,-0.04425891726,1
0.04936818907,-0.01022903939,0.002015444638,-0.04613279513,1
0.04936818907,-0.006955464581,0.006311156921,-0.04756648509,1
0.04936818907,-0.003681889771,0.009621277632,-0.04788634316,1
0.04936818907,-0.0004083149614,0.01362385239,-0.04788499885,1
0.04936818907,0.002865259848,0.01731852794,-0.04651218205,1
0.04936818907,0.006138834658,0.02155874201,-0.04591811354,1
0.04936818907,0.009412409467,0.02578665423,-0.04476948061,1
0.04936818907,0.01268598428,0.02905058778,-0.04278853144,1
0.04936818907,0.01595955909,0.03129751117,-0.04153277417,1
0.04936818907,0.0192331339,0.03304234469,-0.04022245898,1
0.04936818907,0.02250670871,0.03393781686,-0.03787618403,1
0.04936818907,0.02578028352,0.03398982949,-0.03683726907,1
0.04936818907,0.02905385833,0.0328134617,-0.03577265013,1
0.04936818907,0.03232743314,0.03173610214,-0.03370327286,1
0.04936818907,0.03560100794,0.03048391047,-0.0313299098,1
0.04936818907,0.03887458275,0.02858325125,-0.02937561193,1
0.04936818907,0.04214815756,0.02659582066,-0.02659642295,1
0.04936818907,0.04542173237,0.02320239202,-0.02426673777,1
0.04936818907,0.04869530718,0.02004387885,-0.02314990867,1
0.04936818907,0.05196888199,0.01927312451,-0.0212390814,1
0.05264176388,-0.05605908673,-0.01205867565,-0.01219880513,1
0.05264176388,-0.05278551192,-0.01505606301,-0.01435988495,1
0.05264176388,-0.04951193711,-0.01753338251,-0.01690699321,1
0.05264176388,-0.0462383623,-0.01736004178,-0.01729723175,1
0.05264176388,-0.04296478749,-0.01896303692,-0.02089479927,1
0.05264176388,-0.03969121268,-0.01882523743,-0.02339289494,1
0.05264176388,-0.03641763787,-0.01798243027,-0.02718032344,1
0.05264176388,-0.03314406306,-0.01769164979,-0.02925892054,1
0.05264176388,-0.02987048825,-0.01442982651,-0.03104272395,1
0.05264176388,-0.02659691344,-0.01366836971,-0.03332949581,1
0.05264176388,-0.02332333863,-0.01199821653,-0.03519760045,1
0.05264176388,-0.02004976382,-0.009118428248,-0.03805075674,1
0.05264176388,-0.01677618901,-0.006651310616,-0.04001050637,1
0.05264176388,-0.0135026142,-0.003265396016,-0.04111206162,1
0.05264176388,-0.01022903939,0.0006626154989,-0.04353333438,1
0.05264176388,-0.006955464581,0.004475096881,-0.04380784788,1
0.05264176388,-0.003681889771,0.00757367159,-0.04415551557,1
0.05264176388,-0.0004083149614,0.01104895221,-0.04494433693,1
0.05264176388,0.002865259848,0.01489068615,-0.04455025336,1
0.05264176388,0.006138834658,0.01859353525,-0.04321140962,1
0.05264176388,0.009412409467,0.02183070123,-0.04232775523,1
0.05264176388,0.01268598428,0.02422731578,-0.04239966623,1
0.05264176388,0.01595955909,0.02635297822,-0.04045709898,1
0.05264176388,0.0192331339,0.0282348219,-0.03930830632,1
0.05264176388,0.02250670871,0.02840404754,-0.03760475203,1
0.05264176388,0.02578028352,0.02908618281,-0.03648760582,1
0.05264176388,0.02905385833,0.02810069091,-0.03444740432,1
0.05264176388,0.03232743314,0.02690520139,-0.03288499243,1
0.05264176388,0.03560100794,0.02545793666,-0.03057840201,1
0.05264176388,0.03887458275,0.02380426699,-0.02809711058,1
0.05264176388,0.04214815756,0.0219236701,-0.02659305685,1
0.05264176388,0.04542173237,0.02025225943,-0.02433795305,1
0.05264176388,0.04869530718,0.01767758804,-0.02205844545,1
0.05264176388,0.05196888199,0.01724632402,-0.02032289036,1
0.05591533869,-0.05605908673,-0.01115703212,-0.01351992648,1
0.05591533869,-0.05278551192,-0.0133991752,-0.01362977159,1
0.05591533869,-0.04951193711,-0.0142975822,-0.01502466046,1
0.05591533869,-0.0462383623,-0.01575271647,-0.01633499866,1
0.05591533869,-0.04296478749,-0.01664647072,-0.01981335873,1
0.05591533869,-0.03969121268,-0.01747060653,-0.02240098552,1
0.05591533869,-0.03641763787,-0.01611585572,-0.02537277084,1
0.05591533869,-0.03314406306,-0.01617020721,-0.02749561368,1
0.05591533869,-0.02987048825,-0.01460233836,-0.02940357377,1
0.05591533869,-0.02659691344,-0.01264485112,-0.03118640846,1
0.05591533869,-0.02332333863,-0.01064345604,-0.03307120394,1
0.05591533869,-0.02004976382,-0.008595670148,-0.03607249542,1
0.05591533869,-0.01677618901,-0.006762903968,-0.03789221219,1
0.05591533869,-0.0135026142,-0.00361315206,-0.03912450596,1
0.05591533869,-0.01022903939,-1.334947971e-05,-0.04102297661,1
0.05591533869,-0.006955464581,0.002637070667,-0.04144461503,1
0.05591533869,-0.003681889771,0.006168933772,-0.04118503089,1
0.05591533869,-0.0004083149614,0.009204841643,-0.04215072579,1
0.05591533869,0.002865259848,0.01227753372,-0.04211364555,1
0.05591533869,0.006138834658,0.014925882,-0.04183186884,1
0.05591533869,0.009412409467,0.01749530557,-0.04154043197,1
0.05591533869,0.01268598428,0.01948111836,-0.04054202969,1
0.05591533869,0.01595955909,0.02178628769,-0.03984628333,1
0.05591533869,0.0192331339,0.02352280371,-0.03802151806,1
0.05591533869,0.02250670871,0.02425725576,-0.03689154909,1
0.05591533869,0.02578028352,0.02367098344,-0.03526505163,1
0.05591533869,0.02905385833,0.02282618657,-0.03271257432,1
0.05591533869,0.03232743314,0.02139689947,-0.03072899512,1
0.05591533869,0.03560100794,0.02059827279,-0.02961851991,1
0.05591533869,0.03887458275,0.02016018645,-0.02703663892,1
0.05591533869,0.04214815756,0.01846964498,-0.02541917357,1
0.05591533869,0.04542173237,0.01678676382,-0.02343720548,1
0.05591533869,0.04869530718,0.01589746161,-0.02065723714,1
0.05591533869,0.05196888199,0.01399130873,-0.01938324925,1
0.0591889135,-0.05605908673,-0.01167200319,-0.01492742672,1
0.0591889135,-0.05278551192,-0.01257153815,-0.0154124519,1
0.0591889135,-0.04951193711,-0.01280479507,-0.01453179572,1
0.0591889135,-0.0462383623,-0.01394626432,-0.01706380436,1
0.0591889135,-0.04296478749,-0.01554102344,-0.01959234102,1
0.0591889135,-0.03969121268,-0.01644072896,-0.02287666736,1
0.0591889135,-0.03641763787,-0.01665769019,-0.02482384771,1
0.0591889135,-0.03314406306,-0.01616187702,-0.02677594528,1
0.0591889135,-0.02987048825,-0.01370848624,-0.02840360222,1
0.0591889135,-0.02659691344,-0.01211208288,-0.02946973804,1
0.0591889135,-0.02332333863,-0.01024852157,-0.0317111783,1
0.0591889135,-0.02004976382,-0.007660483336,-0.03358270481,1
0.0591889135,-0.01677618901,-0.005826114161,-0.03493526121,1
0.0591889135,-0.0135026142,-0.003649766001,-0.03740258967,1
0.0591889135,-0.01022903939,-0.001537816616,-0.03909459989,1
0.0591889135,-0.006955464581,0.00101237332,-0.03940600523,1
0.0591889135,-0.003681889771,0.004201172539,-0.04018912384,1
0.0591889135,-0.0004083149614,0.006775565908,-0.04068519772,1
0.0591889135,0.002865259848,0.008649483403,-0.04054558405,1
0.0591889135,0.006138834658,0.01167145578,-0.04090235163,1
0.0591889135,0.009412409467,0.01389772823,-0.03983132762,1
0.0591889135,0.01268598428,0.01614431038,-0.03883023277,1
0.0591889135,0.01595955909,0.01813908024,-0.03850778562,1
0.0591889135,0.0192331339,0.01917135328,-0.03704017594,1
0.0591889135,0.02250670871,0.01941281545,-0.03524749954,1
0.0591889135,0.02578028352,0.01915838788,-0.03189391119,1
0.0591889135,0.02905385833,0.01890734031,-0.03014663794,1
0.0591889135,0.03232743314,0.01690054344,-0.02848969515,1
0.0591889135,0.03560100794,0.01670866013,-0.02645620879,1
0.0591889135,0.03887458275,0.01618659944,-0.02503949942,1
0.0591889135,0.04214815756,0.01530468839,-0.02143430908,1
0.0591889135,0.04542173237,0.01346531098,-0.0205761604,1
0.0591889135,0.04869530718,0.01214801162,-0.0201450719,1
0.0591889135,0.05196888199,0.01159833136,-0.01807961173,1
0.06246248831,-0.05605908673,-0.01245455241,-0.01390264892,1
0.06246248831,-0.05278551192,-0.01241699592,-0.01515684474,1
0.06246248831,-0.04951193711,-0.01191267511,-0.01438286747,1
0.06246248831,-0.0462383623,-0.01176305104,-0.01647485599,1
0.06246248831,-0.04296478749,-0.0126127638,-0.01952051547,1
0.06246248831,-0.03969121268,-0.01478169882,-0.02171481071,1
0.06246248831,-0.03641763787,-0.01497150165,-0.02356157269,1
0.06246248831,-0.03314406306,-0.01559935669,-0.02597162218,1
0.06246248831,-0.02987048825,-0.01391362618,-0.02812195263,1
0.06246248831,-0.02659691344,-0.01155698958,-0.02970562705,1
0.06246248831,-0.02332333863,-0.01040967954,-0.03059096001,1
0.06246248831,-0.02004976382,-0.008183759984,-0.03237944325,1
0.06246248831,-0.01677618901,-0.005933285437,-0.03384379256,1
0.06246248831,-0.0135026142,-0.003896095504,-0.03542527266,1
0.06246248831,-0.01022903939,-0.001695265358,-0.03677033848,1
0.06246248831,-0.006955464581,0.0002627556381,-0.03783208872,1
0.06246248831,-0.003681889771,0.002681409526,-0.03835384713,1
0.06246248831,-0.0004083149614,0.0054544488,-0.03897666808,1
0.06246248831,0.002865259848,0.0075295975,-0.03984075257,1
0.06246248831,0.006138834658,0.01007376758,-0.03959956068,1
0.06246248831,0.009412409467,0.01199312387,-0.03925177973,1
0.06246248831,0.01268598428,0.01351471847,-0.03846388837,1
0.06246248831,0.01595955909,0.01426743242,-0.03607091289,1
0.06246248831,0.0192331339,0.01481633798,-0.03389914669,1
0.06246248831,0.02250670871,0.014749853,-0.03187178867,1
0.06246248831,0.02578028352,0.01505049331,-0.02987395629,1
0.06246248831,0.02905385833,0.01490325788,-0.02816661961,1
0.06246248831,0.03232743314,0.01384181524,-0.027559569,1
0.06246248831,0.03560100794,0.01331324895,-0.02626738866,1
0.06246248831,0.03887458275,0.01301053075,-0.02403113591,1
0.06246248831,0.04214815756,0.01199236787,-0.0203688824,1
0.06246248831,0.04542173237,0.0103849142,-0.01772926548,1
0.06246248831,0.04869530718,0.00991208749,-0.0174393447,1
0.06246248831,0.05196888199,0.00835472314,-0.01530281035,1
0.06573606312,-0.05605908673,-0.01137849038,-0.01619886701,2
0.06573606312,-0.05278551192,-0.01175944793,-0.01647962545,1
0.06573606312,-0.04951193711,-0.01030801168,-0.01474228073,1
0.06573606312,-0.0462383623,-0.009815488391,-0.01570774066,1
0.06573606312,-0.04296478749,-0.01001888486,-0.01744824556,1
0.06573606312,-0.03969121268,-0.01071875507,-0.02041890393,1
0.06573606312,-0.03641763787,-0.0113465804,-0.02439218049,1
0.06573606312,-0.03314406306,-0.0109961246,-0.02524485523,1
0.06573606312,-0.02987048825,-0.01206781682,-0.02604449373,1
0.06573606312,-0.02659691344,-0.01186148188,-0.02800713553,1
0.06573606312,-0.02332333863,-0.009940022073,-0.03003871453,1
0.06573606312,-0.02004976382,-0.007945149589,-0.03201936009,1
0.06573606312,-0.01677618901,-0.006226031265,-0.03278618276,1
0.06573606312,-0.0135026142,-0.004547912665,-0.03441253491,1
0.06573606312,-0.01022903939,-0.002874498054,-0.03575572956,1
0.06573606312,-0.006955464581,-0.0005521945598,-0.03754925269,1
0.06573606312,-0.003681889771,0.002590075385,-0.03859950806,1
0.06573606312,-0.0004083149614,0.005471178607,-0.03892377797,1
0.06573606312,0.002865259848,0.006732433451,-0.03933164876,1
0.06573606312,0.006138834658,0.007825622779,-0.03873134219,1
0.06573606312,0.009412409467,0.008721807522,-0.03894608082,1
0.06573606312,0.01268598428,0.008693915673,-0.03633062353,1
0.06573606312,0.01595955909,0.008954019013,-0.03360569464,1
0.06573606312,0.0192331339,0.009719501052,-0.03084871394,1
0.06573606312,0.02250670871,0.009924377665,-0.02873407706,1
0.06573606312,0.02578028352,0.01024435825,-0.02744472955,1
0.06573606312,0.02905385833,0.01127329153,-0.02588899573,1
0.06573606312,0.03232743314,0.009928549544,-0.02540469832,1
0.06573606312,0.03560100794,0.01075241265,-0.02321273515,1
0.06573606312,0.03887458275,0.009442902275,-0.02104357387,1
0.06573606312,0.04214815756,0.008113531976,-0.01726107789,1
0.06573606312,0.04542173237,0.005987971238,-0.01563172813,1
0.06573606312,0.04869530718,0.005929725666,-0.01486930741,1
0.06573606312,0.05196888199,0.007843141773,-0.01437650357,1
