PIVlab, ASCII chart output - 16-Oct-2021
FRAME: 300, filenames: MEAN of frames 1:299 & MEAN of frames 1:299, conversion factor xy (px -> m): 0.00020493, conversion factor uv (px/frame -> m/s): 0.010246
x [m],y [m],u [m/s],v [m/s],Vector type [-]
0.01639411581,0.008197057907,0.0003352457788,0.05176887789,2
0.01639411581,0.01147588107,0.0007227747623,0.05115299011,2
0.01639411581,0.01475470423,-0.01092708808,0.0391689005,2
0.01639411581,0.01803352739,-0.0188277073,0.03082926103,2
0.01639411581,0.02131235056,-0.02376390758,0.02736489664,2
0.01639411581,0.02459117372,-0.02627865423,0.02544794962,1
0.01639411581,0.02786999688,-0.02671056092,0.02733839987,1
0.01639411581,0.03114882004,-0.02685915117,0.03194496262,1
0.01639411581,0.03442764321,-0.02801964573,0.03312389782,1
0.01639411581,0.03770646637,-0.02651500003,0.03475975937,1
0.01639411581,0.04098528953,-0.02564462139,0.034587856,1
0.01639411581,0.0442641127,-0.02148343533,0.03587964671,1
0.01639411581,0.04754293586,-0.01910238318,0.03832711757,1
0.01639411581,0.05082175902,-0.01787972396,0.04052928078,1
0.01639411581,0.05410058218,-0.01613348457,0.04294653402,1
0.01639411581,0.05737940535,-0.01055511818,0.04348886492,1
0.01639411581,0.06065822851,-0.008385531303,0.04463545684,1
0.01639411581,0.06393705167,-0.005561565763,0.04615908108,1
0.01639411581,0.06721587483,-0.00484221151,0.04477881902,1
0.01639411581,0.070494698,-0.002831823572,0.0427777589,1
0.01639411581,0.07377352116,-0.002408807246,0.04153910988,1
0.01639411581,0.07705234432,-0.001219697912,0.04350837153,1
0.01639411581,0.08033116748,0.001271536707,0.04302394566,1
0.01639411581,0.08360999065,0.002279321375,0.04477598866,1
0.01639411581,0.08688881381,0.004226147764,0.0458650451,1
0.01639411581,0.09016763697,0.004877403187,0.04453474507,1
0.01639411581,0.09344646013,0.00702272252,0.04605373621,1
0.01639411581,0.0967252833,0.007831840718,0.04527860728,1
0.01639411581,0.1000041065,0.007300020498,0.04605034301,1
0.01639411581,0.1032829296,0.01025726229,0.04279284209,2
0.01639411581,0.1065617528,0.01389936735,0.04114361358,2
0.01639411581,0.1098405759,0.01489486259,0.03757663186,2
0.01639411581,0.1131193991,0.01708533596,0.03414945902,2
0.01639411581,0.1163982223,0.01501691126,0.03522664964,2
0.01967293898,0.008197057907,-0.0005433804752,0.05156386032,2
0.01967293898,0.01147588107,-0.007372797803,0.04308490124,2
0.01967293898,0.01475470423,-0.01591484466,0.03358831359,2
0.01967293898,0.01803352739,-0.02275134663,0.02785774375,1
0.01967293898,0.02131235056,-0.02456187399,0.02610502407,1
0.01967293898,0.02459117372,-0.0273042174,0.02723978907,1
0.01967293898,0.02786999688,-0.02915816642,0.02916468519,1
0.01967293898,0.03114882004,-0.02944701493,0.03213383823,1
0.01967293898,0.03442764321,-0.02795181805,0.03547489132,1
0.01967293898,0.03770646637,-0.02621011063,0.03586548876,1
0.01967293898,0.04098528953,-0.02528491058,0.03675865752,1
0.01967293898,0.0442641127,-0.02433096843,0.03673962197,1
0.01967293898,0.04754293586,-0.02018474582,0.04037504977,1
0.01967293898,0.05082175902,-0.01807292429,0.04253690448,1
0.01967293898,0.05410058218,-0.01722868273,0.04277988001,1
0.01967293898,0.05737940535,-0.01314861953,0.04365468138,1
0.01967293898,0.06065822851,-0.01017498912,0.04343988852,1
0.01967293898,0.06393705167,-0.00708568362,0.04419965003,1
0.01967293898,0.06721587483,-0.00580269326,0.04478510374,1
0.01967293898,0.070494698,-0.00425784652,0.04524039966,1
0.01967293898,0.07377352116,-0.003575723936,0.04439927876,1
0.01967293898,0.07705234432,-0.0004770656208,0.04467584494,1
0.01967293898,0.08033116748,0.00270229264,0.04653663807,1
0.01967293898,0.08360999065,0.001907740331,0.04657135715,1
0.01967293898,0.08688881381,0.003838880597,0.0471549693,1
0.01967293898,0.09016763697,0.005547913224,0.04562574386,1
0.01967293898,0.09344646013,0.007458560356,0.04574032303,1
0.01967293898,0.0967252833,0.009704340729,0.04577826889,1
0.01967293898,0.1000041065,0.009166774037,0.04573704513,1
0.01967293898,0.1032829296,0.01060638774,0.04151927578,1
0.01967293898,0.1065617528,0.01288230366,0.04030276113,1
0.01967293898,0.1098405759,0.01327105808,0.03777339757,1
0.01967293898,0.1131193991,0.01499995996,0.03509968082,2
0.01967293898,0.1163982223,0.01454898546,0.03565146461,2
0.02295176214,0.008197057907,-0.01079076045,0.04005289454,2
0.02295176214,0.01147588107,-0.01584195486,0.03301410773,2
0.02295176214,0.01475470423,-0.02214747002,0.02753614002,1
0.02295176214,0.01803352739,-0.02667855092,0.02469501272,1
0.02295176214,0.02131235056,-0.0277477097,0.02650728607,1
0.02295176214,0.02459117372,-0.02946221753,0.0277413791,1
0.02295176214,0.02786999688,-0.02994596975,0.03067286529,1
0.02295176214,0.03114882004,-0.03068178759,0.03430630288,1
0.02295176214,0.03442764321,-0.02945080844,0.03654463135,1
0.02295176214,0.03770646637,-0.02738033319,0.03880798951,1
0.02295176214,0.04098528953,-0.02557007408,0.03977057242,1
0.02295176214,0.0442641127,-0.02319611518,0.03983351161,1
0.02295176214,0.04754293586,-0.01898467784,0.04094313082,1
0.02295176214,0.05082175902,-0.01744032937,0.04229929741,1
0.02295176214,0.05410058218,-0.01551023092,0.04182505377,1
0.02295176214,0.05737940535,-0.01334574978,0.04413075253,1
0.02295176214,0.06065822851,-0.01063307961,0.04344978452,1
0.02295176214,0.06393705167,-0.007782445543,0.04471278095,1
0.02295176214,0.06721587483,-0.006140785946,0.04503895645,1
0.02295176214,0.070494698,-0.003739439159,0.04495418888,1
0.02295176214,0.07377352116,-0.0004227009217,0.0457242282,1
0.02295176214,0.07705234432,0.00125022532,0.04600023315,1
0.02295176214,0.08033116748,0.003756837285,0.04870110083,1
0.02295176214,0.08360999065,0.005366311734,0.0478518704,1
0.02295176214,0.08688881381,0.005424142559,0.04669519676,1
0.02295176214,0.09016763697,0.006480410125,0.0448479989,1
0.02295176214,0.09344646013,0.008154010802,0.04690007738,1
0.02295176214,0.0967252833,0.008131769955,0.04600104828,1
0.02295176214,0.1000041065,0.01017919685,0.04426752493,1
0.02295176214,0.1032829296,0.01171804459,0.0427387492,1
0.02295176214,0.1065617528,0.01197410275,0.04091339178,1
0.02295176214,0.1098405759,0.01361593915,0.0381633306,1
0.02295176214,0.1131193991,0.01423563031,0.03574034427,1
0.02295176214,0.1163982223,0.01339134088,0.03453972604,1
0.0262305853,0.008197057907,-0.02349189707,0.02856664368,2
0.0262305853,0.01147588107,-0.02387063405,0.02570045235,1
0.0262305853,0.01475470423,-0.02647810918,0.02393113377,1
0.0262305853,0.01803352739,-0.02768583921,0.02496673601,1
0.0262305853,0.02131235056,-0.03005910956,0.02698867387,1
0.0262305853,0.02459117372,-0.03282778755,0.02796262976,1
0.0262305853,0.02786999688,-0.03171621587,0.03258469361,1
0.0262305853,0.03114882004,-0.03038371358,0.03450778489,1
0.0262305853,0.03442764321,-0.03084445768,0.03777966913,1
0.0262305853,0.03770646637,-0.02882331922,0.03973385564,1
0.0262305853,0.04098528953,-0.02648736398,0.04142191568,1
0.0262305853,0.0442641127,-0.02210855176,0.04177455797,1
0.0262305853,0.04754293586,-0.01878373028,0.04255414289,1
0.0262305853,0.05082175902,-0.01647379632,0.04358900028,1
0.0262305853,0.05410058218,-0.01297634722,0.04404706561,1
0.0262305853,0.05737940535,-0.01140572606,0.04535273089,1
0.0262305853,0.06065822851,-0.009310009215,0.04569871976,1
0.0262305853,0.06393705167,-0.006530302086,0.04626233395,1
0.0262305853,0.06721587483,-0.004061395218,0.04616987408,1
0.0262305853,0.070494698,-0.0008274107713,0.04664196346,1
0.0262305853,0.07377352116,0.002251504958,0.04811174233,1
0.0262305853,0.07705234432,0.00444085185,0.04839622203,1
0.0262305853,0.08033116748,0.006830239816,0.04872790126,1
0.0262305853,0.08360999065,0.009514900161,0.04859130606,1
0.0262305853,0.08688881381,0.01004695503,0.04811774876,1
0.0262305853,0.09016763697,0.009785403199,0.0478638107,1
0.0262305853,0.09344646013,0.01104158365,0.04611415933,1
0.0262305853,0.0967252833,0.009923262655,0.0466118998,1
0.0262305853,0.1000041065,0.01063675184,0.045017179,1
0.0262305853,0.1032829296,0.01292774026,0.04352999981,1
0.0262305853,0.1065617528,0.01312390859,0.04256002022,1
0.0262305853,0.1098405759,0.01496043907,0.03969079934,1
0.0262305853,0.1131193991,0.01542757562,0.03885403135,1
0.0262305853,0.1163982223,0.0152375747,0.03751038883,1
0.02950940846,0.008197057907,-0.02867549101,0.02583814069,1
0.02950940846,0.01147588107,-0.02961782061,0.02397418657,1
0.02950940846,0.01475470423,-0.03001018321,0.02236116937,1
0.02950940846,0.01803352739,-0.0311772089,0.02312681678,1
0.02950940846,0.02131235056,-0.03283585191,0.02493833207,1
0.02950940846,0.02459117372,-0.03357562241,0.028869022,1
0.02950940846,0.02786999688,-0.03270313602,0.03246823012,1
0.02950940846,0.03114882004,-0.03142847298,0.03533698909,1
0.02950940846,0.03442764321,-0.03089207934,0.03837248437,1
0.02950940846,0.03770646637,-0.02852515909,0.03936978333,1
0.02950940846,0.04098528953,-0.02552540319,0.04286475798,1
0.02950940846,0.0442641127,-0.02128694067,0.0437590519,1
0.02950940846,0.04754293586,-0.0185720429,0.04480444465,1
0.02950940846,0.05082175902,-0.01470386258,0.04692027559,1
0.02950940846,0.05410058218,-0.009443120961,0.04703573904,1
0.02950940846,0.05737940535,-0.008002313129,0.04742240979,1
0.02950940846,0.06065822851,-0.006502628029,0.0477400658,1
0.02950940846,0.06393705167,-0.003817585271,0.04896612624,1
0.02950940846,0.06721587483,0.0004610913225,0.04906910671,1
0.02950940846,0.070494698,0.003084005405,0.04983913183,1
0.02950940846,0.07377352116,0.004529486993,0.05058270679,1
0.02950940846,0.07705234432,0.006674385153,0.05157789092,1
0.02950940846,0.08033116748,0.008967869401,0.05156400051,1
0.02950940846,0.08360999065,0.01283594317,0.05081704018,1
0.02950940846,0.08688881381,0.01389717432,0.05027702597,1
0.02950940846,0.09016763697,0.01460534481,0.04934524869,1
0.02950940846,0.09344646013,0.01454043017,0.04762178614,1
0.02950940846,0.0967252833,0.01421760336,0.04723589338,1
0.02950940846,0.1000041065,0.01393789184,0.04626562794,1
0.02950940846,0.1032829296,0.01428964734,0.04534642444,1
0.02950940846,0.1065617528,0.01636086551,0.04327206723,1
0.02950940846,0.1098405759,0.01740274848,0.04092532737,1
0.02950940846,0.1131193991,0.01798032248,0.04033848722,1
0.02950940846,0.1163982223,0.01740345774,0.03966466959,1
0.03278823163,0.008197057907,-0.03215077048,0.02437315705,1
0.03278823163,0.01147588107,-0.03221993514,0.02203671894,1
0.03278823163,0.01475470423,-0.03250154966,0.02203289039,1
0.03278823163,0.01803352739,-0.03386312043,0.02171004149,1
0.03278823163,0.02131235056,-0.0357263105,0.02400782901,1
0.03278823163,0.02459117372,-0.03621574567,0.02858136339,1
0.03278823163,0.02786999688,-0.03434611075,0.0334712923,1
0.03278823163,0.03114882004,-0.03184036185,0.03647346109,1
0.03278823163,0.03442764321,-0.02966445821,0.03861686921,1
0.03278823163,0.03770646637,-0.02680929924,0.04128962213,1
0.03278823163,0.04098528953,-0.02351045922,0.04411349405,1
0.03278823163,0.0442641127,-0.02047501695,0.04672142168,1
0.03278823163,0.04754293586,-0.01617075412,0.04890259707,1
0.03278823163,0.05082175902,-0.01266487137,0.05072369405,1
0.03278823163,0.05410058218,-0.008218251526,0.05174561532,1
0.03278823163,0.05737940535,-0.003843854793,0.05193927348,1
0.03278823163,0.06065822851,-0.001044288503,0.05088719499,1
0.03278823163,0.06393705167,0.002290412777,0.05178946542,1
0.03278823163,0.06721587483,0.004357731568,0.05261724832,1
0.03278823163,0.070494698,0.006882876495,0.05261440567,1
0.03278823163,0.07377352116,0.01008096216,0.05382421823,1
0.03278823163,0.07705234432,0.01277979098,0.05420600252,1
0.03278823163,0.08033116748,0.01620665142,0.05369959714,1
0.03278823163,0.08360999065,0.01751820931,0.05228443398,1
0.03278823163,0.08688881381,0.0185140926,0.05247490623,1
0.03278823163,0.09016763697,0.01893117625,0.05140759928,1
0.03278823163,0.09344646013,0.01918808743,0.05017749749,1
0.03278823163,0.0967252833,0.01775191851,0.04886601148,1
0.03278823163,0.1000041065,0.01820973297,0.04870546034,1
0.03278823163,0.1032829296,0.01849289819,0.04734053067,1
0.03278823163,0.1065617528,0.0197920492,0.04628557409,1
0.03278823163,0.1098405759,0.0201089058,0.04341564295,1
0.03278823163,0.1131193991,0.01989944831,0.04300570615,1
0.03278823163,0.1163982223,0.0205515574,0.04076129658,1
0.03606705479,0.008197057907,-0.03421240955,0.02393650698,1
0.03606705479,0.01147588107,-0.03425066122,0.02114451583,1
0.03606705479,0.01475470423,-0.03613387101,0.02025584801,1
0.03606705479,0.01803352739,-0.03677127589,0.02175425015,1
0.03606705479,0.02131235056,-0.03805764731,0.02398505708,1
0.03606705479,0.02459117372,-0.03652518827,0.02835627379,1
0.03606705479,0.02786999688,-0.03422587906,0.03410008922,1
0.03606705479,0.03114882004,-0.03211682422,0.03654953894,1
0.03606705479,0.03442764321,-0.02913047913,0.0403146627,1
0.03606705479,0.03770646637,-0.02676189436,0.04377144839,1
0.03606705479,0.04098528953,-0.02330446131,0.0469654461,1
0.03606705479,0.0442641127,-0.01947389034,0.05019952912,1
0.03606705479,0.04754293586,-0.01476887597,0.05353304307,1
0.03606705479,0.05082175902,-0.01010920839,0.05566798324,1
0.03606705479,0.05410058218,-0.005351342279,0.05627737685,1
0.03606705479,0.05737940535,-0.001374486958,0.05748331651,1
0.03606705479,0.06065822851,0.002531532891,0.05621558777,1
0.03606705479,0.06393705167,0.006224014858,0.05638490142,1
0.03606705479,0.06721587483,0.01010599241,0.05602750159,1
0.03606705479,0.070494698,0.01284236567,0.05486568565,1
0.03606705479,0.07377352116,0.01532181992,0.05541411618,1
0.03606705479,0.07705234432,0.01817988752,0.05561853826,1
0.03606705479,0.08033116748,0.02080708471,0.05480647456,1
0.03606705479,0.08360999065,0.02226828285,0.05231542755,1
0.03606705479,0.08688881381,0.02325929348,0.05170289522,1
0.03606705479,0.09016763697,0.02299120046,0.05097964173,1
0.03606705479,0.09344646013,0.02404706797,0.04996743757,1
0.03606705479,0.0967252833,0.02274477419,0.04907491184,1
0.03606705479,0.1000041065,0.02204428273,0.04923002929,1
0.03606705479,0.1032829296,0.02197369172,0.04957220675,1
0.03606705479,0.1065617528,0.02289897753,0.04803161318,1
0.03606705479,0.1098405759,0.02260202569,0.04683779537,1
0.03606705479,0.1131193991,0.02335857273,0.04462917755,1
0.03606705479,0.1163982223,0.02424650488,0.04284371459,1
0.03934587795,0.008197057907,-0.03495788927,0.02529127772,1
0.03934587795,0.01147588107,-0.03755070865,0.02095909486,1
0.03934587795,0.01475470423,-0.03874373356,0.02023173792,1
0.03934587795,0.01803352739,-0.0403107825,0.02071429427,1
0.03934587795,0.02131235056,-0.03917915511,0.02488347495,1
0.03934587795,0.02459117372,-0.03699576718,0.02884275403,1
0.03934587795,0.02786999688,-0.03433675723,0.03475235122,1
0.03934587795,0.03114882004,-0.03351530609,0.03821120559,1
0.03934587795,0.03442764321,-0.03031367074,0.04298353546,1
0.03934587795,0.03770646637,-0.02541033633,0.04751198603,1
0.03934587795,0.04098528953,-0.02322565447,0.05105015946,1
0.03934587795,0.0442641127,-0.01740718391,0.05373083776,1
0.03934587795,0.04754293586,-0.0119140682,0.05718309016,1
0.03934587795,0.05082175902,-0.00647125035,0.06031545439,1
0.03934587795,0.05410058218,-0.002177868271,0.0618546608,1
0.03934587795,0.05737940535,0.002452305162,0.06346797088,1
0.03934587795,0.06065822851,0.007321183014,0.06299511705,1
0.03934587795,0.06393705167,0.01063443974,0.06265995806,1
0.03934587795,0.06721587483,0.01565719426,0.06083565466,1
0.03934587795,0.070494698,0.0189395692,0.05947157949,1
0.03934587795,0.07377352116,0.02172152359,0.0580275377,1
0.03934587795,0.07705234432,0.0241207422,0.0575886867,1
0.03934587795,0.08033116748,0.02599545437,0.05470996125,1
0.03934587795,0.08360999065,0.02715012022,0.05268631304,1
0.03934587795,0.08688881381,0.02842646383,0.05238095031,1
0.03934587795,0.09016763697,0.02717888046,0.0515079234,1
0.03934587795,0.09344646013,0.02830713984,0.05004878998,1
0.03934587795,0.0967252833,0.02848212643,0.0498191697,1
0.03934587795,0.1000041065,0.02758843506,0.05066104028,1
0.03934587795,0.1032829296,0.02563455516,0.05013302569,1
0.03934587795,0.1065617528,0.02601961733,0.05055056082,1
0.03934587795,0.1098405759,0.0264699974,0.04839795446,1
0.03934587795,0.1131193991,0.02759671796,0.04723021936,1
0.03934587795,0.1163982223,0.0269152152,0.04612877425,1
0.04262470111,0.008197057907,-0.0354959255,0.02415800091,1
0.04262470111,0.01147588107,-0.03821788768,0.02043445123,1
0.04262470111,0.01475470423,-0.03938674934,0.01841110721,1
0.04262470111,0.01803352739,-0.04038249199,0.02212458521,1
0.04262470111,0.02131235056,-0.04053844916,0.02560327585,1
0.04262470111,0.02459117372,-0.03743559259,0.0306960407,1
0.04262470111,0.02786999688,-0.03590358166,0.03544893014,1
0.04262470111,0.03114882004,-0.03177478583,0.03976161389,1
0.04262470111,0.03442764321,-0.02903828203,0.04597200258,1
0.04262470111,0.03770646637,-0.02588748376,0.05060677554,1
0.04262470111,0.04098528953,-0.021135398,0.05273589539,1
0.04262470111,0.0442641127,-0.01541253858,0.0564192234,1
0.04262470111,0.04754293586,-0.009524031591,0.06144460831,1
0.04262470111,0.05082175902,-0.004070944927,0.06624157865,1
0.04262470111,0.05410058218,-0.0002744193891,0.06678458577,1
0.04262470111,0.05737940535,0.004925543832,0.06803566166,1
0.04262470111,0.06065822851,0.009304611363,0.06873430987,1
0.04262470111,0.06393705167,0.0148448999,0.06773965772,1
0.04262470111,0.06721587483,0.01939768414,0.06574134123,1
0.04262470111,0.070494698,0.02387290156,0.06283497653,1
0.04262470111,0.07377352116,0.02726672707,0.06205755795,1
0.04262470111,0.07705234432,0.02920983655,0.05998271321,1
0.04262470111,0.08033116748,0.03179136442,0.05687778496,1
0.04262470111,0.08360999065,0.03371834505,0.05428304884,1
0.04262470111,0.08688881381,0.03384990521,0.05258571228,1
0.04262470111,0.09016763697,0.03331739144,0.05122329913,1
0.04262470111,0.09344646013,0.03319795587,0.04986981108,1
0.04262470111,0.0967252833,0.03311922116,0.0500384661,1
0.04262470111,0.1000041065,0.03317738928,0.04916850072,1
0.04262470111,0.1032829296,0.03196942343,0.05019820569,1
0.04262470111,0.1065617528,0.03078789082,0.0506607169,1
0.04262470111,0.1098405759,0.03152398074,0.04942804409,1
0.04262470111,0.1131193991,0.03235669028,0.04788730686,1
0.04262470111,0.1163982223,0.02992696733,0.04796804816,1
0.04590352428,0.008197057907,-0.03871971864,0.02027075344,1
0.04590352428,0.01147588107,-0.04059129805,0.01975583819,1
0.04590352428,0.01475470423,-0.04086714881,0.0206613258,1
0.04590352428,0.01803352739,-0.04065393094,0.02441562314,1
0.04590352428,0.02131235056,-0.03960484415,0.02763456003,1
0.04590352428,0.02459117372,-0.03782093191,0.03395791611,1
0.04590352428,0.02786999688,-0.03579490521,0.03817190146,1
0.04590352428,0.03114882004,-0.03231191577,0.04278870453,1
0.04590352428,0.03442764321,-0.02847805627,0.04895568081,1
0.04590352428,0.03770646637,-0.02591146904,0.05421206672,1
0.04590352428,0.04098528953,-0.02210444175,0.05723356781,1
0.04590352428,0.0442641127,-0.0155414455,0.0600053492,1
0.04590352428,0.04754293586,-0.01020949648,0.06500954174,1
0.04590352428,0.05082175902,-0.003451541281,0.07077284004,1
0.04590352428,0.05410058218,0.002941849469,0.07352577278,1
0.04590352428,0.05737940535,0.007832245941,0.07434562065,1
0.04590352428,0.06065822851,0.0120543613,0.07511716298,1
0.04590352428,0.06393705167,0.01663767753,0.07352903599,1
0.04590352428,0.06721587483,0.0230713982,0.07214632782,1
0.04590352428,0.070494698,0.02841092583,0.06959356099,1
0.04590352428,0.07377352116,0.03277172023,0.0662244437,1
0.04590352428,0.07705234432,0.03516343921,0.06277237658,1
0.04590352428,0.08033116748,0.0384800885,0.05985631426,1
0.04590352428,0.08360999065,0.04065420324,0.05589482044,1
0.04590352428,0.08688881381,0.04335591288,0.05262229843,1
0.04590352428,0.09016763697,0.04109955622,0.04989601312,1
0.04590352428,0.09344646013,0.04105826589,0.04920524707,1
0.04590352428,0.0967252833,0.03919178238,0.04892664004,1
0.04590352428,0.1000041065,0.03829213832,0.04863502401,1
0.04590352428,0.1032829296,0.0375184632,0.04913729067,1
0.04590352428,0.1065617528,0.03591016255,0.04932764027,1
0.04590352428,0.1098405759,0.03596721012,0.04905851498,1
0.04590352428,0.1131193991,0.03622460087,0.04783915306,1
0.04590352428,0.1163982223,0.03476044024,0.04776084963,1
0.04918234744,0.008197057907,-0.04051221629,0.01676767179,1
0.04918234744,0.01147588107,-0.04213287365,0.01932239849,1
0.04918234744,0.01475470423,-0.04371937306,0.02125592833,1
0.04918234744,0.01803352739,-0.04297247131,0.02409095977,1
0.04918234744,0.02131235056,-0.04089177251,0.03111696626,1
0.04918234744,0.02459117372,-0.03825899073,0.03642944497,1
0.04918234744,0.02786999688,-0.03587358325,0.04272063,1
0.04918234744,0.03114882004,-0.03256997499,0.04663758994,1
0.04918234744,0.03442764321,-0.02872419536,0.05268458409,1
0.04918234744,0.03770646637,-0.02626714261,0.05864318235,1
0.04918234744,0.04098528953,-0.02259219799,0.06300090945,1
0.04918234744,0.0442641127,-0.01634771919,0.06645404043,1
0.04918234744,0.04754293586,-0.01027159551,0.07018390543,1
0.04918234744,0.05082175902,-0.005736154126,0.07421445119,1
0.04918234744,0.05410058218,0.0005889277894,0.078517666,1
0.04918234744,0.05737940535,0.006742036487,0.08097264694,1
0.04918234744,0.06065822851,0.01154661166,0.08139219232,1
0.04918234744,0.06393705167,0.01580561445,0.08119575682,1
0.04918234744,0.06721587483,0.02361855747,0.07945437253,1
0.04918234744,0.070494698,0.02996453839,0.07487510105,1
0.04918234744,0.07377352116,0.0354939478,0.07153357967,1
0.04918234744,0.07705234432,0.04067608315,0.0671131763,1
0.04918234744,0.08033116748,0.04397184931,0.06209091948,1
0.04918234744,0.08360999065,0.04718949547,0.05778054333,1
0.04918234744,0.08688881381,0.0496145493,0.05400516081,1
0.04918234744,0.09016763697,0.04847543449,0.05038458494,1
0.04918234744,0.09344646013,0.04732716647,0.04891558121,1
0.04918234744,0.0967252833,0.0473608257,0.04738530757,1
0.04918234744,0.1000041065,0.04480873437,0.04655018764,1
0.04918234744,0.1032829296,0.042839952,0.04696084376,1
0.04918234744,0.1065617528,0.04114627292,0.04676736448,1
0.04918234744,0.1098405759,0.04010962509,0.04770636621,1
0.04918234744,0.1131193991,0.03978142169,0.04812762197,1
0.04918234744,0.1163982223,0.0398040304,0.04816087326,1
0.0524611706,0.008197057907,-0.04222435925,0.01829227505,1
0.0524611706,0.01147588107,-0.04389629347,0.01903577386,1
0.0524611706,0.01475470423,-0.04515374735,0.02193617469,1
0.0524611706,0.01803352739,-0.0448586365,0.02655374378,1
0.0524611706,0.02131235056,-0.04284217855,0.03238579532,1
0.0524611706,0.02459117372,-0.03965641849,0.03899206294,1
0.0524611706,0.02786999688,-0.03660248615,0.04422218131,1
0.0524611706,0.03114882004,-0.03240291283,0.04881673781,1
0.0524611706,0.03442764321,-0.03026075336,0.05465942699,1
0.0524611706,0.03770646637,-0.02745447986,0.06256518451,1
0.0524611706,0.04098528953,-0.02365717359,0.0682460494,1
0.0524611706,0.0442641127,-0.01857793254,0.07312669088,1
0.0524611706,0.04754293586,-0.01258222498,0.07642592984,1
0.0524611706,0.05082175902,-0.008437899684,0.08184969482,1
0.0524611706,0.05410058218,-0.004093686949,0.0848979083,1
0.0524611706,0.05737940535,0.002962729346,0.08686699359,1
0.0524611706,0.06065822851,0.008318510249,0.08804594244,1
0.0524611706,0.06393705167,0.01381265525,0.08889232659,1
0.0524611706,0.06721587483,0.02176262339,0.08715850859,1
0.0524611706,0.070494698,0.02994726678,0.08246712481,1
0.0524611706,0.07377352116,0.03754364335,0.07824254814,1
0.0524611706,0.07705234432,0.04227887003,0.07183868053,1
0.0524611706,0.08033116748,0.04703195918,0.06550983121,1
0.0524611706,0.08360999065,0.05089916969,0.0598042991,1
0.0524611706,0.08688881381,0.05502379574,0.05375535431,1
0.0524611706,0.09016763697,0.05683745678,0.05020668588,1
0.0524611706,0.09344646013,0.05492320618,0.04722677826,1
0.0524611706,0.0967252833,0.05288777135,0.04553658628,1
0.0524611706,0.1000041065,0.05106303841,0.04437639267,1
0.0524611706,0.1032829296,0.04880747929,0.04423444261,1
0.0524611706,0.1065617528,0.04681475853,0.04398840422,1
0.0524611706,0.1098405759,0.04486044627,0.04446213708,1
0.0524611706,0.1131193991,0.04291748872,0.04643313831,1
0.0524611706,0.1163982223,0.04409867149,0.04566246773,1
0.05573999376,0.008197057907,-0.04352517963,0.01627950854,1
0.05573999376,0.01147588107,-0.04585614028,0.01997178564,1
0.05573999376,0.01475470423,-0.04751382846,0.02156730436,1
0.05573999376,0.01803352739,-0.04581542512,0.02752797577,1
0.05573999376,0.02131235056,-0.04401619476,0.03428236909,1
0.05573999376,0.02459117372,-0.0413346259,0.04005435851,1
0.05573999376,0.02786999688,-0.03780491666,0.04666340952,1
0.05573999376,0.03114882004,-0.03460385847,0.05346083001,1
0.05573999376,0.03442764321,-0.03220460562,0.06000967884,1
0.05573999376,0.03770646637,-0.02918299191,0.06759243375,1
0.05573999376,0.04098528953,-0.02610220729,0.07312200306,1
0.05573999376,0.0442641127,-0.02375285809,0.07890844298,1
0.05573999376,0.04754293586,-0.01900039637,0.08368748117,1
0.05573999376,0.05082175902,-0.01585435075,0.08914325043,1
0.05573999376,0.05410058218,-0.01091537716,0.09068412056,1
0.05573999376,0.05737940535,-0.005685527468,0.09228355363,1
0.05573999376,0.06065822851,0.002821825291,0.09536818016,1
0.05573999376,0.06393705167,0.009832332509,0.09545435837,1
0.05573999376,0.06721587483,0.01968974937,0.09411025948,1
0.05573999376,0.070494698,0.02979571789,0.09113092497,1
0.05573999376,0.07377352116,0.03830537057,0.08637111552,1
0.05573999376,0.07705234432,0.04437479482,0.08010830711,1
0.05573999376,0.08033116748,0.0499711103,0.07257926929,1
0.05573999376,0.08360999065,0.0549390403,0.06422672272,1
0.05573999376,0.08688881381,0.06069120999,0.05652585743,1
0.05573999376,0.09016763697,0.0626688098,0.04989904892,1
0.05573999376,0.09344646013,0.06190260035,0.04662919023,1
0.05573999376,0.0967252833,0.05975823039,0.04322911375,1
0.05573999376,0.1000041065,0.05666680271,0.04209948659,1
0.05573999376,0.1032829296,0.05496452515,0.04073684202,1
0.05573999376,0.1065617528,0.05294841957,0.03931469612,1
0.05573999376,0.1098405759,0.04891972453,0.04087932123,1
0.05573999376,0.1131193991,0.04673977526,0.04146269913,1
0.05573999376,0.1163982223,0.04784517358,0.04330301959,1
0.05901881693,0.008197057907,-0.0444139684,0.0165124654,1
0.05901881693,0.01147588107,-0.04466508602,0.02056770079,1
0.05901881693,0.01475470423,-0.04611749682,0.0224351632,1
0.05901881693,0.01803352739,-0.04576757166,0.02896343827,1
0.05901881693,0.02131235056,-0.04475054542,0.03625837019,1
0.05901881693,0.02459117372,-0.04242068149,0.04090100079,1
0.05901881693,0.02786999688,-0.03991392189,0.04909141615,1
0.05901881693,0.03114882004,-0.03837790692,0.05588856421,1
0.05901881693,0.03442764321,-0.0377081202,0.06429602029,1
0.05901881693,0.03770646637,-0.03549386965,0.06911645401,1
0.05901881693,0.04098528953,-0.03374097421,0.0774432575,1
0.05901881693,0.0442641127,-0.03179989928,0.08289414871,1
0.05901881693,0.04754293586,-0.02749793696,0.08934111226,1
0.05901881693,0.05082175902,-0.02401837872,0.09423296824,1
0.05901881693,0.05410058218,-0.01798794093,0.09722328069,1
0.05901881693,0.05737940535,-0.01246315861,0.09900532944,1
0.05901881693,0.06065822851,-0.003306241695,0.1015632479,1
0.05901881693,0.06393705167,0.005272964334,0.1007379931,1
0.05901881693,0.06721587483,0.01655375108,0.1001379364,1
0.05901881693,0.070494698,0.02708842509,0.09717484619,1
0.05901881693,0.07377352116,0.03603131921,0.09129235773,1
0.05901881693,0.07705234432,0.04457831418,0.08485938468,1
0.05901881693,0.08033116748,0.05197549855,0.07685047731,1
0.05901881693,0.08360999065,0.06063988247,0.06860500226,1
0.05901881693,0.08688881381,0.06581875039,0.059723648,1
0.05901881693,0.09016763697,0.06851280839,0.0530791921,1
0.05901881693,0.09344646013,0.06800325622,0.04631870989,1
0.05901881693,0.0967252833,0.06657996799,0.04206452347,1
0.05901881693,0.1000041065,0.06401044366,0.03737441808,1
0.05901881693,0.1032829296,0.0624516104,0.03570974984,1
0.05901881693,0.1065617528,0.05796439809,0.03544243622,1
0.05901881693,0.1098405759,0.05366581442,0.03670386752,1
0.05901881693,0.1131193991,0.05011995133,0.03770443498,1
0.05901881693,0.1163982223,0.05024262528,0.0384597015,1
0.06229764009,0.008197057907,-0.04713388215,0.01723482385,1
0.06229764009,0.01147588107,-0.0475270241,0.0193226203,1
0.06229764009,0.01475470423,-0.04711985992,0.02373100913,1
0.06229764009,0.01803352739,-0.04594829482,0.02916045579,1
0.06229764009,0.02131235056,-0.04540015635,0.0352026366,1
0.06229764009,0.02459117372,-0.04418702591,0.0419161613,1
0.06229764009,0.02786999688,-0.04463237317,0.05135901983,1
0.06229764009,0.03114882004,-0.04526815722,0.05758897062,1
0.06229764009,0.03442764321,-0.04462274695,0.06551094973,1
0.06229764009,0.03770646637,-0.04410592618,0.07256336688,1
0.06229764009,0.04098528953,-0.04381196491,0.07922595626,1
0.06229764009,0.0442641127,-0.04227739624,0.08510833457,1
0.06229764009,0.04754293586,-0.03787442655,0.09059255489,1
0.06229764009,0.05082175902,-0.03164639319,0.09571793963,1
0.06229764009,0.05410058218,-0.02642758758,0.09995117227,1
0.06229764009,0.05737940535,-0.02004004457,0.102979373,1
0.06229764009,0.06065822851,-0.01041167787,0.1039928976,1
0.06229764009,0.06393705167,0.0006865420799,0.1058268194,1
0.06229764009,0.06721587483,0.01193670678,0.1031244841,1
0.06229764009,0.070494698,0.02311324337,0.09886709504,1
0.06229764009,0.07377352116,0.0333205932,0.09201121713,1
0.06229764009,0.07705234432,0.04416684155,0.08669701952,1
0.06229764009,0.08033116748,0.05445937375,0.08003576672,1
0.06229764009,0.08360999065,0.06221468872,0.07139844494,1
0.06229764009,0.08688881381,0.06817999998,0.06268705971,1
0.06229764009,0.09016763697,0.07167337769,0.05429924612,1
0.06229764009,0.09344646013,0.07270912331,0.04629395569,1
0.06229764009,0.0967252833,0.07078490101,0.03892780741,1
0.06229764009,0.1000041065,0.06818515754,0.03443419672,1
0.06229764009,0.1032829296,0.0658807299,0.0325504379,1
0.06229764009,0.1065617528,0.06255303283,0.03287470866,1
0.06229764009,0.1098405759,0.05923660983,0.03055567776,1
0.06229764009,0.1131193991,0.05500680299,0.03231466381,1
0.06229764009,0.1163982223,0.05365293344,0.03441216427,1
0.06557646325,0.008197057907,-0.04750114597,0.01564396124,1
0.06557646325,0.01147588107,-0.04883453574,0.01810397263,1
0.06557646325,0.01475470423,-0.04873472479,0.02447204055,1
0.06557646325,0.01803352739,-0.0478996663,0.02983023786,1
0.06557646325,0.02131235056,-0.04843331751,0.03532214468,1
0.06557646325,0.02459117372,-0.04946424647,0.04173743158,1
0.06557646325,0.02786999688,-0.05005401035,0.05220504517,1
0.06557646325,0.03114882004,-0.04982094114,0.05995093062,1
0.06557646325,0.03442764321,-0.05076209607,0.06626098939,1
0.06557646325,0.03770646637,-0.05184260196,0.07182353314,1
0.06557646325,0.04098528953,-0.05250268528,0.07830339932,1
0.06557646325,0.0442641127,-0.05248142061,0.08299577758,1
0.06557646325,0.04754293586,-0.04656958485,0.0865874707,1
0.06557646325,0.05082175902,-0.04184550989,0.09185100513,1
0.06557646325,0.05410058218,-0.03428192244,0.09550980459,1
0.06557646325,0.05737940535,-0.02528174008,0.100584659,1
0.06557646325,0.06065822851,-0.01502678793,0.1008657746,1
0.06557646325,0.06393705167,-0.003782180284,0.09806529305,1
0.06557646325,0.06721587483,0.007476911629,0.09697011703,1
0.06557646325,0.070494698,0.01740338981,0.09388256371,1
0.06557646325,0.07377352116,0.03110826616,0.08890190017,1
0.06557646325,0.07705234432,0.04283296987,0.08498254528,1
0.06557646325,0.08033116748,0.0539912436,0.07918273377,1
0.06557646325,0.08360999065,0.0623678434,0.07117321245,1
0.06557646325,0.08688881381,0.07119641201,0.06221442836,1
0.06557646325,0.09016763697,0.07512434378,0.05464897883,1
0.06557646325,0.09344646013,0.07814962942,0.04530096282,1
0.06557646325,0.0967252833,0.0757047537,0.03692794275,1
0.06557646325,0.1000041065,0.07284875766,0.03201367301,1
0.06557646325,0.1032829296,0.06983151653,0.02746409045,1
0.06557646325,0.1065617528,0.06559240045,0.02823409986,1
0.06557646325,0.1098405759,0.06348984635,0.02709944488,1
0.06557646325,0.1131193991,0.060597033,0.02717913205,1
0.06557646325,0.1163982223,0.05738576734,0.02858527041,1
0.06885528642,0.008197057907,-0.04714057393,0.01456730131,1
0.06885528642,0.01147588107,-0.04908869125,0.0173726564,1
0.06885528642,0.01475470423,-0.05014986414,0.02329865868,1
0.06885528642,0.01803352739,-0.05107191409,0.02839416706,1
0.06885528642,0.02131235056,-0.05283067789,0.0346741353,1
0.06885528642,0.02459117372,-0.05394773982,0.04149269126,1
0.06885528642,0.02786999688,-0.05497047368,0.04970648157,1
0.06885528642,0.03114882004,-0.05586943596,0.05730039372,1
0.06885528642,0.03442764321,-0.05767861174,0.06337940611,1
0.06885528642,0.03770646637,-0.06073436379,0.06803006415,1
0.06885528642,0.04098528953,-0.06258382881,0.07237451527,1
0.06885528642,0.0442641127,-0.06194570671,0.0775432185,1
0.06885528642,0.04754293586,-0.05830442861,0.08044042892,1
0.06885528642,0.05082175902,-0.05166325103,0.08412420042,1
0.06885528642,0.05410058218,-0.04243295492,0.08389483883,1
0.06885528642,0.05737940535,-0.03061208494,0.08560184176,1
0.06885528642,0.06065822851,-0.01863479996,0.08485655653,2
0.06885528642,0.06393705167,-0.007816576095,0.08346915727,1
0.06885528642,0.06721587483,0.003429410844,0.08128106412,2
0.06885528642,0.070494698,0.01355492639,0.0798673854,2
0.06885528642,0.07377352116,0.02517357783,0.08004495767,1
0.06885528642,0.07705234432,0.038618788,0.07790004286,1
0.06885528642,0.08033116748,0.05062959716,0.07329197188,1
0.06885528642,0.08360999065,0.06253693936,0.06745461221,1
0.06885528642,0.08688881381,0.07351089583,0.05982584528,1
0.06885528642,0.09016763697,0.08102193598,0.05094499275,1
0.06885528642,0.09344646013,0.08372743433,0.04193255075,1
0.06885528642,0.0967252833,0.0838027767,0.03326733905,1
0.06885528642,0.1000041065,0.07894429876,0.02950442042,1
0.06885528642,0.1032829296,0.0746115123,0.02371137709,1
0.06885528642,0.1065617528,0.07038295113,0.0217725951,1
0.06885528642,0.1098405759,0.06762029331,0.02094629471,1
0.06885528642,0.1131193991,0.06310742995,0.023599091,1
0.06885528642,0.1163982223,0.05949171564,0.02295199936,1
0.07213410958,0.008197057907,-0.05072638233,0.01475402621,1
0.07213410958,0.01147588107,-0.05165456714,0.01824705625,1
0.07213410958,0.01475470423,-0.05341050197,0.02243778991,1
0.07213410958,0.01803352739,-0.05464190201,0.02787192366,1
0.07213410958,0.02131235056,-0.05745111354,0.03399312686,1
0.07213410958,0.02459117372,-0.05865219921,0.04136060194,1
0.07213410958,0.02786999688,-0.06007652606,0.04596855617,1
0.07213410958,0.03114882004,-0.06193520408,0.05224496814,1
0.07213410958,0.03442764321,-0.06580582742,0.05799290743,1
0.07213410958,0.03770646637,-0.07022226902,0.06237928438,1
0.07213410958,0.04098528953,-0.07064295529,0.06412608225,1
0.07213410958,0.0442641127,-0.07001110848,0.06691186913,1
0.07213410958,0.04754293586,-0.06485058452,0.06932209704,1
0.07213410958,0.05082175902,-0.05603059616,0.06856755011,1
0.07213410958,0.05410058218,-0.04343597961,0.06536789531,1
0.07213410958,0.05737940535,-0.02875070861,0.06475857171,1
0.07213410958,0.06065822851,-0.01608563426,0.06086967022,1
0.07213410958,0.06393705167,-0.004785241801,0.05790512252,1
0.07213410958,0.06721587483,0.002158317705,0.05463640065,1
0.07213410958,0.070494698,0.00913016376,0.05417252582,2
0.07213410958,0.07377352116,0.01907953903,0.05901675307,2
0.07213410958,0.07705234432,0.03251230877,0.06278141645,2
0.07213410958,0.08033116748,0.04572782972,0.06325100173,2
0.07213410958,0.08360999065,0.06034961147,0.05969763884,1
0.07213410958,0.08688881381,0.07394791897,0.05432278189,1
0.07213410958,0.09016763697,0.08319468521,0.0462424712,1
0.07213410958,0.09344646013,0.08793302363,0.03773404778,1
0.07213410958,0.0967252833,0.08848825841,0.02997494977,1
0.07213410958,0.1000041065,0.0834895318,0.02498764185,1
0.07213410958,0.1032829296,0.07894767954,0.02073418111,1
0.07213410958,0.1065617528,0.07407038427,0.01691207439,1
0.07213410958,0.1098405759,0.07007762505,0.01569785087,1
0.07213410958,0.1131193991,0.06675316222,0.01682448664,1
0.07213410958,0.1163982223,0.06320697499,0.01759092012,1
0.07541293274,0.008197057907,-0.05457860528,0.01298666566,1
0.07541293274,0.01147588107,-0.0542745711,0.0156723685,1
0.07541293274,0.01475470423,-0.05647891321,0.02088926485,1
0.07541293274,0.01803352739,-0.05945976301,0.02675648256,1
0.07541293274,0.02131235056,-0.06079792884,0.03318124328,1
0.07541293274,0.02459117372,-0.06331456425,0.03692921355,1
0.07541293274,0.02786999688,-0.06562461517,0.04164710835,1
0.07541293274,0.03114882004,-0.07090812759,0.04747676004,1
0.07541293274,0.03442764321,-0.07396760369,0.05073184048,1
0.07541293274,0.03770646637,-0.07855015934,0.0539139429,1
0.07541293274,0.04098528953,-0.0791227969,0.05669072627,1
0.07541293274,0.0442641127,-0.0750580236,0.05645015788,1
0.07541293274,0.04754293586,-0.06616038482,0.05482176212,2
0.07541293274,0.05082175902,-0.05279115452,0.04959767274,2
0.07541293274,0.05410058218,-0.03418021973,0.04271431175,1
0.07541293274,0.05737940535,-0.0195289659,0.03686741266,1
0.07541293274,0.06065822851,-0.008735957256,0.0331391976,1
0.07541293274,0.06393705167,-0.002488090328,0.02900160493,1
0.07541293274,0.06721587483,0.004065685685,0.02757560452,1
0.07541293274,0.070494698,0.008079474327,0.027019904,1
0.07541293274,0.07377352116,0.01407475185,0.03069435165,1
0.07541293274,0.07705234432,0.02395680571,0.041099779,2
0.07541293274,0.08033116748,0.03917136724,0.04890503462,2
0.07541293274,0.08360999065,0.0563872278,0.04994229404,1
0.07541293274,0.08688881381,0.07251737814,0.04665566715,1
0.07541293274,0.09016763697,0.08379006284,0.03956286052,1
0.07541293274,0.09344646013,0.09032225755,0.03185896938,1
0.07541293274,0.0967252833,0.09192149369,0.0241076856,1
0.07541293274,0.1000041065,0.08803147588,0.01981609437,1
0.07541293274,0.1032829296,0.08239664191,0.01484807561,1
0.07541293274,0.1065617528,0.07735781906,0.01085524494,1
0.07541293274,0.1098405759,0.07141997258,0.01013933286,1
0.07541293274,0.1131193991,0.06834440224,0.01093233783,1
0.07541293274,0.1163982223,0.06509563459,0.01270394699,1
0.0786917559,0.008197057907,-0.05676949357,0.01072006274,1
0.0786917559,0.01147588107,-0.05612945088,0.01378054153,1
0.0786917559,0.01475470423,-0.05819228786,0.01744814986,1
0.0786917559,0.01803352739,-0.06098453162,0.02365354164,1
0.0786917559,0.02131235056,-0.06485400184,0.02935156305,1
0.0786917559,0.02459117372,-0.06825660292,0.03301647282,1
0.0786917559,0.02786999688,-0.07205451974,0.0370317851,1
0.0786917559,0.03114882004,-0.07682612262,0.04045389894,1
0.0786917559,0.03442764321,-0.08167441737,0.04330903714,1
0.0786917559,0.03770646637,-0.08547552319,0.04457488028,1
0.0786917559,0.04098528953,-0.08551571341,0.04478671015,1
0.0786917559,0.0442641127,-0.07923210483,0.04480775485,1
0.0786917559,0.04754293586,-0.06480645593,0.03955477923,2
0.0786917559,0.05082175902,-0.04357280587,0.03154619814,1
0.0786917559,0.05410058218,-0.02470612342,0.02449708462,1
0.0786917559,0.05737940535,-0.01365936199,0.01989181918,1
0.0786917559,0.06065822851,-0.006262689254,0.0156734598,1
0.0786917559,0.06393705167,-0.0007442910284,0.01294485801,1
0.0786917559,0.06721587483,0.003069981982,0.01261462316,1
0.0786917559,0.070494698,0.006382069269,0.01287438212,1
0.0786917559,0.07377352116,0.0101533919,0.01434009484,1
0.0786917559,0.07705234432,0.0160558264,0.02030575217,1
0.0786917559,0.08033116748,0.03058321418,0.03326883972,2
0.0786917559,0.08360999065,0.04834858547,0.03838234197,2
0.0786917559,0.08688881381,0.06521649427,0.03825611619,2
0.0786917559,0.09016763697,0.08029568817,0.03300703842,2
0.0786917559,0.09344646013,0.08971330074,0.02606576441,1
0.0786917559,0.0967252833,0.09262506981,0.01981410771,1
0.0786917559,0.1000041065,0.09036084,0.01285907752,1
0.0786917559,0.1032829296,0.08516099383,0.009914470625,1
0.0786917559,0.1065617528,0.07991214363,0.007185025005,1
0.0786917559,0.1098405759,0.07467796843,0.005314429471,1
0.0786917559,0.1131193991,0.0700311408,0.004778584677,1
0.0786917559,0.1163982223,0.0669181433,0.006370833089,1
0.08197057907,0.008197057907,-0.05998943978,0.008279022387,1
0.08197057907,0.01147588107,-0.06007658728,0.009950469826,1
0.08197057907,0.01475470423,-0.06150368364,0.0134698594,1
0.08197057907,0.01803352739,-0.06465128427,0.01910168702,1
0.08197057907,0.02131235056,-0.06741144115,0.02520897469,1
0.08197057907,0.02459117372,-0.07204792901,0.02952667911,1
0.08197057907,0.02786999688,-0.07697670647,0.03112174018,1
0.08197057907,0.03114882004,-0.08368100177,0.03307413238,1
0.08197057907,0.03442764321,-0.08922960285,0.0350188865,1
0.08197057907,0.03770646637,-0.09164716749,0.03413008172,1
0.08197057907,0.04098528953,-0.09195712214,0.03308880634,1
0.08197057907,0.0442641127,-0.08129826408,0.03008003928,2
0.08197057907,0.04754293586,-0.0601427833,0.02531859054,2
0.08197057907,0.05082175902,-0.03630948068,0.0191575781,1
0.08197057907,0.05410058218,-0.01781321141,0.01374949977,1
0.08197057907,0.05737940535,-0.009144274885,0.009863992428,1
0.08197057907,0.06065822851,-0.004041143648,0.007470322814,1
0.08197057907,0.06393705167,-0.0008473497606,0.006927511868,1
0.08197057907,0.06721587483,0.001936899634,0.006306383333,1
0.08197057907,0.070494698,0.005351189642,0.006499366376,1
0.08197057907,0.07377352116,0.007529548104,0.006604451055,1
0.08197057907,0.07705234432,0.01026176975,0.008531030673,1
0.08197057907,0.08033116748,0.02154101763,0.01754487166,1
0.08197057907,0.08360999065,0.04037769947,0.02688980516,2
0.08197057907,0.08688881381,0.06013405954,0.02907324947,2
0.08197057907,0.09016763697,0.07589625797,0.02393740946,2
0.08197057907,0.09344646013,0.08667182775,0.01769845365,1
0.08197057907,0.0967252833,0.09142497544,0.01260857869,1
0.08197057907,0.1000041065,0.09004961866,0.006662258277,1
0.08197057907,0.1032829296,0.08501781742,0.003673337786,1
0.08197057907,0.1065617528,0.08090285552,0.0005045132606,1
0.08197057907,0.1098405759,0.07700735109,-0.001870106647,1
0.08197057907,0.1131193991,0.07102253449,-0.001053798943,1
0.08197057907,0.1163982223,0.06788303344,0.001950368682,1
0.08524940223,0.008197057907,-0.06123825499,0.003487161672,1
0.08524940223,0.01147588107,-0.06176672367,0.007031488535,1
0.08524940223,0.01475470423,-0.06366498985,0.01183366779,1
0.08524940223,0.01803352739,-0.06686963207,0.01718858047,1
0.08524940223,0.02131235056,-0.07128047653,0.02136894366,1
0.08524940223,0.02459117372,-0.07543048447,0.02405090364,1
0.08524940223,0.02786999688,-0.08181919147,0.02637765332,1
0.08524940223,0.03114882004,-0.08861976969,0.02643308843,1
0.08524940223,0.03442764321,-0.094723527,0.02505535049,1
0.08524940223,0.03770646637,-0.09605304106,0.0219584211,1
0.08524940223,0.04098528953,-0.09356098316,0.02049789849,1
0.08524940223,0.0442641127,-0.07605744459,0.01640530363,2
0.08524940223,0.04754293586,-0.05128264831,0.01321470545,1
0.08524940223,0.05082175902,-0.02833924886,0.00978351752,1
0.08524940223,0.05410058218,-0.01518870078,0.005899565527,1
0.08524940223,0.05737940535,-0.005934858852,0.003683961144,1
0.08524940223,0.06065822851,-0.003426676387,0.004256041955,2
0.08524940223,0.06393705167,-0.001067578962,0.004341521723,2
0.08524940223,0.06721587483,0.0009537333391,0.004191061645,2
0.08524940223,0.070494698,0.002342778477,0.003991608588,1
0.08524940223,0.07377352116,0.004460731693,0.003249092812,1
0.08524940223,0.07705234432,0.006712046291,0.002674661517,1
0.08524940223,0.08033116748,0.01592841405,0.007595558323,1
0.08524940223,0.08360999065,0.03413565306,0.01654244276,2
0.08524940223,0.08688881381,0.0515973921,0.018227216,2
0.08524940223,0.09016763697,0.06730669721,0.0148878594,2
0.08524940223,0.09344646013,0.07960903746,0.00929849681,1
0.08524940223,0.0967252833,0.08717326898,0.005099021302,1
0.08524940223,0.1000041065,0.08983846131,-0.001509372652,1
0.08524940223,0.1032829296,0.08542994524,-0.004151067943,1
0.08524940223,0.1065617528,0.08056762338,-0.005571369358,1
0.08524940223,0.1098405759,0.07579028126,-0.005893100308,1
0.08524940223,0.1131193991,0.07142069444,-0.005203752528,1
0.08524940223,0.1163982223,0.06846585079,-0.0003772820495,1
0.08852822539,0.008197057907,-0.06329047893,-0.0003384457655,1
0.08852822539,0.01147588107,-0.06396668871,0.00374644077,1
0.08852822539,0.01475470423,-0.06481079785,0.009163741177,1
0.08852822539,0.01803352739,-0.0667239484,0.01254684734,1
0.08852822539,0.02131235056,-0.07271049717,0.01584330456,1
0.08852822539,0.02459117372,-0.07767630846,0.01826654671,1
0.08852822539,0.02786999688,-0.083562469,0.01892518423,1
0.08852822539,0.03114882004,-0.09175445352,0.01857058307,1
0.08852822539,0.03442764321,-0.09770367499,0.0157044049,1
0.08852822539,0.03770646637,-0.09717280963,0.01078721085,1
0.08852822539,0.04098528953,-0.08587324855,0.009479410836,1
0.08852822539,0.0442641127,-0.06239355551,0.009070702019,1
0.08852822539,0.04754293586,-0.03694351997,0.007553526377,1
0.08852822539,0.05082175902,-0.01905874882,0.005000869692,1
0.08852822539,0.05410058218,-0.01076471747,0.001298806994,1
0.08852822539,0.05737940535,-0.004122657582,0.0005433626245,1
0.08852822539,0.06065822851,-0.002663124085,0.001528362139,2
0.08852822539,0.06393705167,-0.0009500230403,0.001991471423,2
0.08852822539,0.06721587483,0.0006028342076,0.002124732937,2
0.08852822539,0.070494698,0.001810516099,0.001944974781,2
0.08852822539,0.07377352116,0.002710104415,0.001117612971,1
0.08852822539,0.07705234432,0.005487100261,0.0005580309392,1
0.08852822539,0.08033116748,0.01161118995,0.00220376521,1
0.08852822539,0.08360999065,0.02360421047,0.007433024446,2
0.08852822539,0.08688881381,0.03851907776,0.007922704468,2
0.08852822539,0.09016763697,0.05466153122,0.005346231796,2
0.08852822539,0.09344646013,0.07131718946,0.002002689347,2
0.08852822539,0.0967252833,0.08227027157,-0.00378034747,1
0.08852822539,0.1000041065,0.08712299304,-0.009378079115,1
0.08852822539,0.1032829296,0.08475260066,-0.01132321044,1
0.08852822539,0.1065617528,0.08040780721,-0.01194384321,1
0.08852822539,0.1098405759,0.07507473686,-0.01282930369,1
0.08852822539,0.1131193991,0.07133585425,-0.01124248659,1
0.08852822539,0.1163982223,0.0697936413,-0.006309964195,1
0.09180704855,0.008197057907,-0.06378152112,-0.002354047268,1
0.09180704855,0.01147588107,-0.06488486222,-8.790645039e-05,1
0.09180704855,0.01475470423,-0.06574885522,0.005208814316,1
0.09180704855,0.01803352739,-0.06751549437,0.007923527856,1
0.09180704855,0.02131235056,-0.07240233265,0.01101433308,1
0.09180704855,0.02459117372,-0.07879691752,0.01261609333,1
0.09180704855,0.02786999688,-0.08599572379,0.01269366899,1
0.09180704855,0.03114882004,-0.0935878594,0.01100779305,1
0.09180704855,0.03442764321,-0.09904271369,0.006236882321,1
0.09180704855,0.03770646637,-0.0960787636,0.001681413007,1
0.09180704855,0.04098528953,-0.075825355,0.001033166595,1
0.09180704855,0.0442641127,-0.04886520591,0.004313638445,1
0.09180704855,0.04754293586,-0.02674919336,0.00500945459,1
0.09180704855,0.05082175902,-0.0139407491,0.003037851678,1
0.09180704855,0.05410058218,-0.009531385913,-0.001622074419,1
0.09180704855,0.05737940535,-0.003719164232,-0.001624997601,1
0.09180704855,0.06065822851,-0.002153139331,-0.0006774274461,2
0.09180704855,0.06393705167,-0.0006722233214,-2.873110682e-05,2
0.09180704855,0.06721587483,0.0005971104321,0.0003714238982,2
0.09180704855,0.070494698,0.001586347298,0.0005459446267,2
0.09180704855,0.07377352116,0.001989687767,0.0008535771062,1
0.09180704855,0.07705234432,0.004019147214,-0.0005229603654,1
0.09180704855,0.08033116748,0.007994962741,-0.002235195086,1
0.09180704855,0.08360999065,0.01745330305,-0.002346986478,2
0.09180704855,0.08688881381,0.02939269302,-0.002535441513,2
0.09180704855,0.09016763697,0.04570510435,-0.003512101634,2
0.09180704855,0.09344646013,0.06473978937,-0.00628867019,2
0.09180704855,0.0967252833,0.07858280204,-0.01249696707,2
0.09180704855,0.1000041065,0.08395294762,-0.01647057805,1
0.09180704855,0.1032829296,0.0821086153,-0.01844608472,1
0.09180704855,0.1065617528,0.07856571346,-0.01910392915,1
0.09180704855,0.1098405759,0.0731917696,-0.01848121288,1
0.09180704855,0.1131193991,0.07075082075,-0.01506361424,1
0.09180704855,0.1163982223,0.0686081803,-0.01078968576,1
0.09508587172,0.008197057907,-0.0626603815,-0.006661958603,1
0.09508587172,0.01147588107,-0.06360556559,-0.001484495453,1
0.09508587172,0.01475470423,-0.06532173712,0.00193379732,1
0.09508587172,0.01803352739,-0.06777122312,0.003643012666,1
0.09508587172,0.02131235056,-0.07187008696,0.005913047388,1
0.09508587172,0.02459117372,-0.07806813172,0.006029380854,1
0.09508587172,0.02786999688,-0.08534108812,0.00476122136,1
0.09508587172,0.03114882004,-0.09303327572,0.002592526095,1
0.09508587172,0.03442764321,-0.09753912718,-0.002974191261,1
0.09508587172,0.03770646637,-0.09211208496,-0.007926713596,1
0.09508587172,0.04098528953,-0.07225847523,-0.005011217885,1
0.09508587172,0.0442641127,-0.04509541152,-0.00109570287,1
0.09508587172,0.04754293586,-0.02463835461,0.0006889997529,1
0.09508587172,0.05082175902,-0.01432335582,0.0001491276537,1
0.09508587172,0.05410058218,-0.008415427717,-0.003847531792,1
0.09508587172,0.05737940535,-0.003144793895,-0.003776100027,1
0.09508587172,0.06065822851,-0.001558045687,-0.002584343216,2
0.09508587172,0.06393705167,-0.0001828413463,-0.001800392302,2
0.09508587172,0.06721587483,0.000871483544,-0.001156250864,2
0.09508587172,0.070494698,0.001948074894,-0.0009861972783,2
0.09508587172,0.07377352116,0.002758055949,-0.000828229416,1
0.09508587172,0.07705234432,0.004051556268,-0.001260484536,1
0.09508587172,0.08033116748,0.00839507949,-0.005484970575,1
0.09508587172,0.08360999065,0.01684181729,-0.01054811065,2
0.09508587172,0.08688881381,0.02627037049,-0.01159367814,1
0.09508587172,0.09016763697,0.04442170454,-0.01144856465,2
0.09508587172,0.09344646013,0.063953903,-0.01510546566,2
0.09508587172,0.0967252833,0.07565287439,-0.01968583238,1
0.09508587172,0.1000041065,0.08026593623,-0.02370445772,1
0.09508587172,0.1032829296,0.07918358425,-0.02409760311,1
0.09508587172,0.1065617528,0.0757247107,-0.02491910668,1
0.09508587172,0.1098405759,0.07247384733,-0.02276872289,1
0.09508587172,0.1131193991,0.06898693894,-0.01837150268,1
0.09508587172,0.1163982223,0.06752099974,-0.01242329458,1
0.09836469488,0.008197057907,-0.06068498283,-0.00957482527,1
0.09836469488,0.01147588107,-0.06232440414,-0.006028436148,1
0.09836469488,0.01475470423,-0.06472611207,-0.002314087988,1
0.09836469488,0.01803352739,-0.06888112002,-0.0005357261969,1
0.09836469488,0.02131235056,-0.07123435044,-0.0005537100628,1
0.09836469488,0.02459117372,-0.0767306144,0.0004716665525,1
0.09836469488,0.02786999688,-0.08484286624,-0.001059393838,1
0.09836469488,0.03114882004,-0.09113488308,-0.006472281684,1
0.09836469488,0.03442764321,-0.09501366805,-0.01257122391,1
0.09836469488,0.03770646637,-0.09026517733,-0.0183578405,1
0.09836469488,0.04098528953,-0.07323530724,-0.01659265441,1
0.09836469488,0.0442641127,-0.04831754512,-0.01243595661,2
0.09836469488,0.04754293586,-0.02937475362,-0.008231533344,1
0.09836469488,0.05082175902,-0.01872967874,-0.007599483541,1
0.09836469488,0.05410058218,-0.009398585924,-0.006124718397,1
0.09836469488,0.05737940535,-0.003797179206,-0.005314105792,1
0.09836469488,0.06065822851,-0.0007514081746,-0.004083453088,1
0.09836469488,0.06393705167,0.000627420079,-0.003432244023,1
0.09836469488,0.06721587483,0.001123590196,-0.002209837772,1
0.09836469488,0.070494698,0.002576412785,-0.00250625346,1
0.09836469488,0.07377352116,0.003674627997,-0.003048345549,1
0.09836469488,0.07705234432,0.006759402682,-0.004456862317,1
0.09836469488,0.08033116748,0.01466970204,-0.01020320312,2
0.09836469488,0.08360999065,0.02169823736,-0.01529965208,2
0.09836469488,0.08688881381,0.0310751844,-0.01816826361,2
0.09836469488,0.09016763697,0.04454657024,-0.01916113181,2
0.09836469488,0.09344646013,0.06237587012,-0.02463332577,2
0.09836469488,0.0967252833,0.07378340709,-0.02881019571,1
0.09836469488,0.1000041065,0.07670249547,-0.03145180853,1
0.09836469488,0.1032829296,0.07569893654,-0.03144552853,1
0.09836469488,0.1065617528,0.0717804969,-0.03020608234,1
0.09836469488,0.1098405759,0.06883816582,-0.02735113763,1
0.09836469488,0.1131193991,0.06736741026,-0.02123185436,1
0.09836469488,0.1163982223,0.06666073982,-0.01546748342,1
0.101643518,0.008197057907,-0.05893893511,-0.01396204616,1
0.101643518,0.01147588107,-0.06166867703,-0.009964772362,1
0.101643518,0.01475470423,-0.06499595821,-0.008339771602,1
0.101643518,0.01803352739,-0.06676785966,-0.005494039977,1
0.101643518,0.02131235056,-0.07094532109,-0.004730455704,1
0.101643518,0.02459117372,-0.07538594964,-0.004455629571,1
0.101643518,0.02786999688,-0.08324624901,-0.006209308737,1
0.101643518,0.03114882004,-0.0883760932,-0.01254255649,1
0.101643518,0.03442764321,-0.09097606236,-0.02100988197,1
0.101643518,0.03770646637,-0.08845573755,-0.02756540318,1
0.101643518,0.04098528953,-0.07548486769,-0.02923668276,1
0.101643518,0.0442641127,-0.05616566196,-0.02791426694,2
0.101643518,0.04754293586,-0.03822443594,-0.02497582456,2
0.101643518,0.05082175902,-0.02448982338,-0.02301241609,2
0.101643518,0.05410058218,-0.01451012194,-0.01741101407,1
0.101643518,0.05737940535,-0.006865829156,-0.01046045322,1
0.101643518,0.06065822851,-0.002193702073,-0.007533332062,1
0.101643518,0.06393705167,-0.000525613484,-0.00703163271,1
0.101643518,0.06721587483,0.001023782217,-0.005439921241,1
0.101643518,0.070494698,0.002553224364,-0.005728033215,1
0.101643518,0.07377352116,0.006372226773,-0.007281572616,1
0.101643518,0.07705234432,0.01457806808,-0.01238910056,1
0.101643518,0.08033116748,0.02452229766,-0.01816195904,2
0.101643518,0.08360999065,0.02936058318,-0.02159467156,2
0.101643518,0.08688881381,0.03904624375,-0.02554485361,2
0.101643518,0.09016763697,0.04940242609,-0.02846987098,2
0.101643518,0.09344646013,0.06293396527,-0.0343228483,2
0.101643518,0.0967252833,0.07054774532,-0.03640326208,1
0.101643518,0.1000041065,0.07131294113,-0.03907114779,1
0.101643518,0.1032829296,0.0709077596,-0.03795617341,1
0.101643518,0.1065617528,0.06885454871,-0.03533652717,1
0.101643518,0.1098405759,0.06817785443,-0.03148203688,1
0.101643518,0.1131193991,0.06652518494,-0.02560669437,1
0.101643518,0.1163982223,0.06408571995,-0.01982319338,1
0.1049223412,0.008197057907,-0.05748133511,-0.01828481851,1
0.1049223412,0.01147588107,-0.05906433478,-0.01445301925,1
0.1049223412,0.01475470423,-0.06241927274,-0.01206565217,1
0.1049223412,0.01803352739,-0.0652425114,-0.009711561069,1
0.1049223412,0.02131235056,-0.06901852172,-0.008768921606,1
0.1049223412,0.02459117372,-0.07354693883,-0.008889139057,1
0.1049223412,0.02786999688,-0.0795710869,-0.01410218201,1
0.1049223412,0.03114882004,-0.08445253235,-0.02011051555,1
0.1049223412,0.03442764321,-0.08940659379,-0.02810394662,1
0.1049223412,0.03770646637,-0.08642902869,-0.03529019181,1
0.1049223412,0.04098528953,-0.07729613806,-0.04049956045,1
0.1049223412,0.0442641127,-0.06311455478,-0.04225122483,1
0.1049223412,0.04754293586,-0.04654919649,-0.04247345709,2
0.1049223412,0.05082175902,-0.031358817,-0.04174031438,2
0.1049223412,0.05410058218,-0.01887669745,-0.0363969404,2
0.1049223412,0.05737940535,-0.009821299045,-0.02761391941,2
0.1049223412,0.06065822851,-0.004290816698,-0.02060040915,1
0.1049223412,0.06393705167,-0.001054777164,-0.01723393957,1
0.1049223412,0.06721587483,0.00269634956,-0.01728109625,1
0.1049223412,0.070494698,0.009610569542,-0.01809766912,1
0.1049223412,0.07377352116,0.0175419819,-0.02059576213,2
0.1049223412,0.07705234432,0.02626619857,-0.02527942871,2
0.1049223412,0.08033116748,0.03383129352,-0.0295013444,2
0.1049223412,0.08360999065,0.04075903111,-0.03399628696,2
0.1049223412,0.08688881381,0.04650952217,-0.03812795058,2
0.1049223412,0.09016763697,0.05434671618,-0.04342142604,2
0.1049223412,0.09344646013,0.06123303331,-0.04503987125,1
0.1049223412,0.0967252833,0.06447816153,-0.04533881825,1
0.1049223412,0.1000041065,0.0663866597,-0.04492523142,1
0.1049223412,0.1032829296,0.06661343441,-0.0430336348,1
0.1049223412,0.1065617528,0.06705782724,-0.03990685671,1
0.1049223412,0.1098405759,0.06531954408,-0.03535585775,1
0.1049223412,0.1131193991,0.0642167362,-0.0293570699,1
0.1049223412,0.1163982223,0.06182688269,-0.02374325272,1
0.1082011644,0.008197057907,-0.05592723226,-0.02080807049,1
0.1082011644,0.01147588107,-0.0576867086,-0.01935376997,1
0.1082011644,0.01475470423,-0.05841099906,-0.01665333996,1
0.1082011644,0.01803352739,-0.06116606721,-0.0149960212,1
0.1082011644,0.02131235056,-0.06715057268,-0.01382910598,1
0.1082011644,0.02459117372,-0.0710129353,-0.01565475727,1
0.1082011644,0.02786999688,-0.07581953641,-0.02042532616,1
0.1082011644,0.03114882004,-0.08122710401,-0.02609994689,1
0.1082011644,0.03442764321,-0.08394558889,-0.03216130525,1
0.1082011644,0.03770646637,-0.08477551553,-0.04175324148,1
0.1082011644,0.04098528953,-0.07993183312,-0.04826912604,1
0.1082011644,0.0442641127,-0.06895770098,-0.05323590029,1
0.1082011644,0.04754293586,-0.05426364067,-0.05634094723,1
0.1082011644,0.05082175902,-0.03834666372,-0.05673395391,2
0.1082011644,0.05410058218,-0.02339432237,-0.05313168938,2
0.1082011644,0.05737940535,-0.0133459552,-0.04586648239,2
0.1082011644,0.06065822851,-0.004817056652,-0.04013009489,2
0.1082011644,0.06393705167,0.001421008016,-0.03709825364,2
0.1082011644,0.06721587483,0.007614781133,-0.03672653742,2
0.1082011644,0.070494698,0.01489951058,-0.03650314799,2
0.1082011644,0.07377352116,0.02451563283,-0.03899947226,2
0.1082011644,0.07705234432,0.0322902001,-0.04140264296,2
0.1082011644,0.08033116748,0.03854380317,-0.04417897735,2
0.1082011644,0.08360999065,0.04374696938,-0.0480034649,2
0.1082011644,0.08688881381,0.05099261544,-0.05255484476,1
0.1082011644,0.09016763697,0.05404258406,-0.05526330844,1
0.1082011644,0.09344646013,0.05917977327,-0.05512486762,1
0.1082011644,0.0967252833,0.06016131794,-0.05247488326,1
0.1082011644,0.1000041065,0.0622974142,-0.05136488129,1
0.1082011644,0.1032829296,0.06273385137,-0.0482500187,1
0.1082011644,0.1065617528,0.06262980513,-0.04395185129,1
0.1082011644,0.1098405759,0.06173580426,-0.03896018436,1
0.1082011644,0.1131193991,0.06120519995,-0.03095635256,1
0.1082011644,0.1163982223,0.06025871421,-0.02683079233,1
0.1114799875,0.008197057907,-0.0513139151,-0.02281664444,1
0.1114799875,0.01147588107,-0.05329758175,-0.02295986006,1
0.1114799875,0.01475470423,-0.05574829314,-0.02093650144,1
0.1114799875,0.01803352739,-0.05755794665,-0.02086703423,1
0.1114799875,0.02131235056,-0.06209164795,-0.01981260222,1
0.1114799875,0.02459117372,-0.06756313814,-0.02081591251,1
0.1114799875,0.02786999688,-0.07197151818,-0.02476901892,1
0.1114799875,0.03114882004,-0.07678706615,-0.02952754048,1
0.1114799875,0.03442764321,-0.07860327224,-0.03661237072,1
0.1114799875,0.03770646637,-0.0801348268,-0.04412270999,1
0.1114799875,0.04098528953,-0.07690321365,-0.05230629403,1
0.1114799875,0.0442641127,-0.0694929225,-0.0597836367,1
0.1114799875,0.04754293586,-0.05778044287,-0.06454322045,1
0.1114799875,0.05082175902,-0.04421656545,-0.06761038694,1
0.1114799875,0.05410058218,-0.03104269359,-0.06848273036,2
0.1114799875,0.05737940535,-0.01910338804,-0.0642697949,2
0.1114799875,0.06065822851,-0.008182218147,-0.06064002126,2
0.1114799875,0.06393705167,-5.901701009e-05,-0.05959744332,2
0.1114799875,0.06721587483,0.007722956587,-0.05918748141,2
0.1114799875,0.070494698,0.01575095569,-0.05935986137,2
0.1114799875,0.07377352116,0.02503585966,-0.05929702385,2
0.1114799875,0.07705234432,0.03204044223,-0.05995906938,2
0.1114799875,0.08033116748,0.03691724904,-0.06267798843,2
0.1114799875,0.08360999065,0.04343942045,-0.06366684002,1
0.1114799875,0.08688881381,0.04939518706,-0.06566087314,1
0.1114799875,0.09016763697,0.05316337441,-0.06468431639,1
0.1114799875,0.09344646013,0.05440299485,-0.06214159812,1
0.1114799875,0.0967252833,0.05797632173,-0.05877230817,1
0.1114799875,0.1000041065,0.05855399995,-0.0542340561,1
0.1114799875,0.1032829296,0.05807170608,-0.05070125941,1
0.1114799875,0.1065617528,0.05744895388,-0.04603988988,1
0.1114799875,0.1098405759,0.05796555571,-0.03858419895,1
0.1114799875,0.1131193991,0.05881491467,-0.03255359015,1
0.1114799875,0.1163982223,0.0590781377,-0.02838519725,1
0.1147588107,0.008197057907,-0.0461962833,-0.02543860214,1
0.1147588107,0.01147588107,-0.04753147937,-0.02746249718,1
0.1147588107,0.01475470423,-0.05070124422,-0.02576446262,1
0.1147588107,0.01803352739,-0.0525844746,-0.02536360906,1
0.1147588107,0.02131235056,-0.05824983901,-0.02545028596,1
0.1147588107,0.02459117372,-0.06237207677,-0.0261041718,1
0.1147588107,0.02786999688,-0.06646202638,-0.02884841349,1
0.1147588107,0.03114882004,-0.07107203041,-0.03252352809,1
0.1147588107,0.03442764321,-0.07411911491,-0.03838395374,1
0.1147588107,0.03770646637,-0.07471541581,-0.04712652794,1
0.1147588107,0.04098528953,-0.07231584952,-0.05532258998,1
0.1147588107,0.0442641127,-0.06833817123,-0.06292688112,1
0.1147588107,0.04754293586,-0.05979632103,-0.06874160729,1
0.1147588107,0.05082175902,-0.05021210998,-0.07452495324,1
0.1147588107,0.05410058218,-0.03821813417,-0.07804751255,1
0.1147588107,0.05737940535,-0.02660040227,-0.07991876701,1
0.1147588107,0.06065822851,-0.01402471473,-0.07822800715,2
0.1147588107,0.06393705167,-0.004917685,-0.0771367281,2
0.1147588107,0.06721587483,0.004929321932,-0.07905415807,1
0.1147588107,0.070494698,0.01204784149,-0.07829803606,1
0.1147588107,0.07377352116,0.02023800653,-0.07934124822,1
0.1147588107,0.07705234432,0.02864319751,-0.07933467138,1
0.1147588107,0.08033116748,0.03404968115,-0.07842058578,1
0.1147588107,0.08360999065,0.03931291565,-0.07798824323,1
0.1147588107,0.08688881381,0.04346958026,-0.07544947923,1
0.1147588107,0.09016763697,0.04724457787,-0.07244726397,1
0.1147588107,0.09344646013,0.04977142059,-0.0684328158,1
0.1147588107,0.0967252833,0.05200266909,-0.06217950772,1
0.1147588107,0.1000041065,0.05381786915,-0.05679538444,1
0.1147588107,0.1032829296,0.05422653447,-0.05048681429,1
0.1147588107,0.1065617528,0.05467842013,-0.04640138061,1
0.1147588107,0.1098405759,0.05492461907,-0.03867111305,1
0.1147588107,0.1131193991,0.05642784533,-0.03279699235,1
0.1147588107,0.1163982223,0.05778468389,-0.02929141643,1
0.1180376339,0.008197057907,-0.04158182542,-0.02921361371,1
0.1180376339,0.01147588107,-0.04219004959,-0.03171204666,1
0.1180376339,0.01475470423,-0.0450590717,-0.03026591924,1
0.1180376339,0.01803352739,-0.04636955858,-0.03066416959,1
0.1180376339,0.02131235056,-0.05221848753,-0.03087754117,1
0.1180376339,0.02459117372,-0.05705171035,-0.03071293307,1
0.1180376339,0.02786999688,-0.06070925323,-0.03363065634,1
0.1180376339,0.03114882004,-0.06547015829,-0.03610442767,1
0.1180376339,0.03442764321,-0.06773102484,-0.04107110381,1
0.1180376339,0.03770646637,-0.0691023939,-0.04731435368,1
0.1180376339,0.04098528953,-0.06713119388,-0.05617504,1
0.1180376339,0.0442641127,-0.06437789872,-0.06364367771,1
0.1180376339,0.04754293586,-0.05777796307,-0.06990280359,1
0.1180376339,0.05082175902,-0.05249124961,-0.0768860094,1
0.1180376339,0.05410058218,-0.0413544378,-0.08281924235,1
0.1180376339,0.05737940535,-0.03075991137,-0.08596962424,1
0.1180376339,0.06065822851,-0.01899551664,-0.08873895685,1
0.1180376339,0.06393705167,-0.009479748922,-0.09064280144,1
0.1180376339,0.06721587483,-0.001280802888,-0.09125125779,1
0.1180376339,0.070494698,0.007452427685,-0.09325425966,1
0.1180376339,0.07377352116,0.01641099901,-0.09264248928,1
0.1180376339,0.07705234432,0.02298078851,-0.09105398401,1
0.1180376339,0.08033116748,0.02923206827,-0.08739929358,1
0.1180376339,0.08360999065,0.03468899274,-0.08626929617,1
0.1180376339,0.08688881381,0.03730070801,-0.08263499801,1
0.1180376339,0.09016763697,0.04077595257,-0.07696533216,1
0.1180376339,0.09344646013,0.04497935612,-0.07047304704,1
0.1180376339,0.0967252833,0.04816474245,-0.06402871625,1
0.1180376339,0.1000041065,0.05011313254,-0.05796727535,1
0.1180376339,0.1032829296,0.05226662416,-0.05105467495,1
0.1180376339,0.1065617528,0.05193200043,-0.04488075801,1
0.1180376339,0.1098405759,0.05296657802,-0.03884144899,1
0.1180376339,0.1131193991,0.05508546629,-0.03202861727,1
0.1180376339,0.1163982223,0.05607254002,-0.0272873576,1
0.121316457,0.008197057907,-0.03644459652,-0.03245512584,1
0.121316457,0.01147588107,-0.03724025366,-0.0339501657,1
0.121316457,0.01475470423,-0.03808083816,-0.03410972133,1
0.121316457,0.01803352739,-0.04235766534,-0.03453211023,1
0.121316457,0.02131235056,-0.04605390541,-0.03584150025,1
0.121316457,0.02459117372,-0.05059655739,-0.03635831713,1
0.121316457,0.02786999688,-0.05459962517,-0.03663224296,1
0.121316457,0.03114882004,-0.05932983821,-0.03938978112,1
0.121316457,0.03442764321,-0.06094828698,-0.04244537622,1
0.121316457,0.03770646637,-0.06307363769,-0.04824430146,1
0.121316457,0.04098528953,-0.06276839287,-0.05559503193,1
0.121316457,0.0442641127,-0.05975618352,-0.06344986393,1
0.121316457,0.04754293586,-0.05509865984,-0.07006227814,1
0.121316457,0.05082175902,-0.05050758345,-0.07725128168,1
0.121316457,0.05410058218,-0.04135271522,-0.08290092117,1
0.121316457,0.05737940535,-0.0325934693,-0.08795433004,1
0.121316457,0.06065822851,-0.02226007142,-0.09287000639,1
0.121316457,0.06393705167,-0.01481725895,-0.09466285219,1
0.121316457,0.06721587483,-0.00682086562,-0.0961068888,1
0.121316457,0.070494698,0.002033680604,-0.09707868335,1
0.121316457,0.07377352116,0.009879762292,-0.09749084404,1
0.121316457,0.07705234432,0.0172909791,-0.09456875449,1
0.121316457,0.08033116748,0.02154477665,-0.09105610658,1
0.121316457,0.08360999065,0.02666020885,-0.08672544505,1
0.121316457,0.08688881381,0.03127595551,-0.08297107808,1
0.121316457,0.09016763697,0.03667296444,-0.07725770845,1
0.121316457,0.09344646013,0.04190457055,-0.06905246871,1
0.121316457,0.0967252833,0.04329287045,-0.06403272019,1
0.121316457,0.1000041065,0.04624187475,-0.05680939224,1
0.121316457,0.1032829296,0.05015090554,-0.04969002646,1
0.121316457,0.1065617528,0.05242654902,-0.04355031099,1
0.121316457,0.1098405759,0.05256539627,-0.03723947697,1
0.121316457,0.1131193991,0.05267103688,-0.03080906187,1
0.121316457,0.1163982223,0.05287845134,-0.02537740284,1
0.1245952802,0.008197057907,-0.03400078239,-0.03401796485,1
0.1245952802,0.01147588107,-0.03447271145,-0.03584976688,1
0.1245952802,0.01475470423,-0.03605339905,-0.03634653532,1
0.1245952802,0.01803352739,-0.03789100287,-0.03773465432,1
0.1245952802,0.02131235056,-0.04135870208,-0.03927036923,1
0.1245952802,0.02459117372,-0.04479163034,-0.04019930068,1
0.1245952802,0.02786999688,-0.04836512055,-0.04062563192,1
0.1245952802,0.03114882004,-0.05222121461,-0.04271257997,1
0.1245952802,0.03442764321,-0.05554955609,-0.04516079817,1
0.1245952802,0.03770646637,-0.05668502823,-0.04949103321,1
0.1245952802,0.04098528953,-0.05574598293,-0.05507816808,1
0.1245952802,0.0442641127,-0.05561788421,-0.06142741158,1
0.1245952802,0.04754293586,-0.05244274692,-0.06804453327,1
0.1245952802,0.05082175902,-0.04720001565,-0.0740796826,1
0.1245952802,0.05410058218,-0.0408979473,-0.08010702744,1
0.1245952802,0.05737940535,-0.03312487458,-0.08506395372,1
0.1245952802,0.06065822851,-0.02610145654,-0.08932880886,1
0.1245952802,0.06393705167,-0.01880069663,-0.09207578863,1
0.1245952802,0.06721587483,-0.009224897413,-0.09350900903,1
0.1245952802,0.070494698,-0.003030244743,-0.0921747935,1
0.1245952802,0.07377352116,0.002921244324,-0.09347138014,1
0.1245952802,0.07705234432,0.01107038788,-0.09017496761,1
0.1245952802,0.08033116748,0.01550762669,-0.0879842145,1
0.1245952802,0.08360999065,0.02161240083,-0.08406315537,1
0.1245952802,0.08688881381,0.0258510367,-0.07963798889,1
0.1245952802,0.09016763697,0.03115050374,-0.07385426732,1
0.1245952802,0.09344646013,0.03684782711,-0.06818517821,1
0.1245952802,0.0967252833,0.04042076209,-0.06149370822,1
0.1245952802,0.1000041065,0.04276100531,-0.0544574681,1
0.1245952802,0.1032829296,0.04759764691,-0.04676115367,1
0.1245952802,0.1065617528,0.04973026014,-0.04078615074,1
0.1245952802,0.1098405759,0.05004652343,-0.03502412553,1
0.1245952802,0.1131193991,0.04933722648,-0.03027567563,1
0.1245952802,0.1163982223,0.0506481189,-0.0240697055,1
0.1278741033,0.008197057907,-0.03343099155,-0.03304756298,1
0.1278741033,0.01147588107,-0.0323373481,-0.0369610226,1
0.1278741033,0.01475470423,-0.03296762695,-0.03942693138,1
0.1278741033,0.01803352739,-0.03456479095,-0.04081571495,1
0.1278741033,0.02131235056,-0.03684521191,-0.0424864894,1
0.1278741033,0.02459117372,-0.04077941185,-0.04438214623,1
0.1278741033,0.02786999688,-0.0412787074,-0.04630200897,1
0.1278741033,0.03114882004,-0.044263484,-0.04734422999,1
0.1278741033,0.03442764321,-0.04725744545,-0.0485180584,1
0.1278741033,0.03770646637,-0.04881563921,-0.05091980555,1
0.1278741033,0.04098528953,-0.0482754963,-0.05499767236,1
0.1278741033,0.0442641127,-0.04894878595,-0.05966714536,1
0.1278741033,0.04754293586,-0.04615190115,-0.06492172729,1
0.1278741033,0.05082175902,-0.04313399787,-0.07098781702,1
0.1278741033,0.05410058218,-0.0378001662,-0.07564954749,1
0.1278741033,0.05737940535,-0.03221540736,-0.07962700006,1
0.1278741033,0.06065822851,-0.02668669299,-0.08451565215,1
0.1278741033,0.06393705167,-0.02030637513,-0.08627551881,1
0.1278741033,0.06721587483,-0.01327050429,-0.08565758674,1
0.1278741033,0.070494698,-0.005817060992,-0.08696140991,1
0.1278741033,0.07377352116,-0.001615847938,-0.08617639576,1
0.1278741033,0.07705234432,0.005059524651,-0.0843532187,1
0.1278741033,0.08033116748,0.01160533794,-0.082380142,1
0.1278741033,0.08360999065,0.01791499854,-0.07856968396,1
0.1278741033,0.08688881381,0.02300374242,-0.07531351815,1
0.1278741033,0.09016763697,0.02860983092,-0.07076795423,1
0.1278741033,0.09344646013,0.0341117011,-0.06397314232,1
0.1278741033,0.0967252833,0.03834175923,-0.05764055733,1
0.1278741033,0.1000041065,0.04194697878,-0.0500444686,1
0.1278741033,0.1032829296,0.04420155614,-0.04380524956,1
0.1278741033,0.1065617528,0.04635578328,-0.038697357,1
0.1278741033,0.1098405759,0.04773440123,-0.03367405199,1
0.1278741033,0.1131193991,0.04797531581,-0.02914568032,1
0.1278741033,0.1163982223,0.04894972458,-0.02466039207,1
0.1311529265,0.008197057907,-0.03069749789,-0.03321140982,1
0.1311529265,0.01147588107,-0.03041885567,-0.03633042567,1
0.1311529265,0.01475470423,-0.03072140529,-0.04092325483,1
0.1311529265,0.01803352739,-0.03105925083,-0.04199334482,1
0.1311529265,0.02131235056,-0.0322716464,-0.04439984264,1
0.1311529265,0.02459117372,-0.03421381053,-0.04648170003,1
0.1311529265,0.02786999688,-0.03597613479,-0.04819736473,1
0.1311529265,0.03114882004,-0.03759743708,-0.04975092529,1
0.1311529265,0.03442764321,-0.03974416527,-0.05139459621,1
0.1311529265,0.03770646637,-0.04027352272,-0.0522739836,1
0.1311529265,0.04098528953,-0.04042250148,-0.05572409277,1
0.1311529265,0.0442641127,-0.03908886324,-0.05897401706,1
0.1311529265,0.04754293586,-0.03837819266,-0.06255345158,1
0.1311529265,0.05082175902,-0.03632852826,-0.06849741445,1
0.1311529265,0.05410058218,-0.03368221315,-0.07177014602,1
0.1311529265,0.05737940535,-0.03025858297,-0.07606865177,1
0.1311529265,0.06065822851,-0.02353830346,-0.0787870147,1
0.1311529265,0.06393705167,-0.01769488256,-0.08091211929,1
0.1311529265,0.06721587483,-0.01362823842,-0.08260812408,1
0.1311529265,0.070494698,-0.007448508945,-0.0830799317,1
0.1311529265,0.07377352116,-0.001482715384,-0.08200296575,1
0.1311529265,0.07705234432,0.003333883447,-0.08015917832,1
0.1311529265,0.08033116748,0.008685421694,-0.07786677045,1
0.1311529265,0.08360999065,0.01513205807,-0.07421201318,1
0.1311529265,0.08688881381,0.021877865,-0.07017614102,1
0.1311529265,0.09016763697,0.02688217872,-0.0656891095,1
0.1311529265,0.09344646013,0.03281210904,-0.058428232,1
0.1311529265,0.0967252833,0.0372566947,-0.05230587081,1
0.1311529265,0.1000041065,0.04193626739,-0.04640690863,1
0.1311529265,0.1032829296,0.04460014849,-0.04183641183,1
0.1311529265,0.1065617528,0.04508566845,-0.03791195244,1
0.1311529265,0.1098405759,0.04582089556,-0.03302414401,1
0.1311529265,0.1131193991,0.04710349359,-0.02794614383,1
0.1311529265,0.1163982223,0.04803254265,-0.02483525363,1
0.1344317497,0.008197057907,-0.02950624426,-0.03409940894,1
0.1344317497,0.01147588107,-0.02785331676,-0.03776193687,1
0.1344317497,0.01475470423,-0.02759959377,-0.04053200841,1
0.1344317497,0.01803352739,-0.02745752439,-0.04266241211,1
0.1344317497,0.02131235056,-0.0288565255,-0.04580911731,1
0.1344317497,0.02459117372,-0.03058938996,-0.04761469422,1
0.1344317497,0.02786999688,-0.03083966491,-0.05093599042,1
0.1344317497,0.03114882004,-0.03156497742,-0.05226618777,1
0.1344317497,0.03442764321,-0.03277531841,-0.05304927434,1
0.1344317497,0.03770646637,-0.03248847998,-0.05497775195,1
0.1344317497,0.04098528953,-0.03264097995,-0.05732212515,1
0.1344317497,0.0442641127,-0.0307197778,-0.05889743401,1
0.1344317497,0.04754293586,-0.03169554584,-0.06125654337,1
0.1344317497,0.05082175902,-0.02977253631,-0.06518812699,1
0.1344317497,0.05410058218,-0.02718135769,-0.06907860731,1
0.1344317497,0.05737940535,-0.02442978705,-0.07274785677,1
0.1344317497,0.06065822851,-0.01957868888,-0.07482765215,1
0.1344317497,0.06393705167,-0.01594025981,-0.07625757453,1
0.1344317497,0.06721587483,-0.0121371707,-0.07784887002,1
0.1344317497,0.070494698,-0.005021850377,-0.07828902504,1
0.1344317497,0.07377352116,0.000612498087,-0.07692397471,1
0.1344317497,0.07705234432,0.005668047699,-0.07460753373,1
0.1344317497,0.08033116748,0.009883451542,-0.07215431074,1
0.1344317497,0.08360999065,0.01536743433,-0.0692799241,1
0.1344317497,0.08688881381,0.02080676234,-0.06434003865,1
0.1344317497,0.09016763697,0.02526494504,-0.06005859657,1
0.1344317497,0.09344646013,0.03176662784,-0.05470686235,1
0.1344317497,0.0967252833,0.0367993897,-0.04891344959,1
0.1344317497,0.1000041065,0.04102044132,-0.0432864024,1
0.1344317497,0.1032829296,0.0438067647,-0.03891808889,1
0.1344317497,0.1065617528,0.04563740437,-0.03517790801,1
0.1344317497,0.1098405759,0.0456381378,-0.0311017093,1
0.1344317497,0.1131193991,0.04594099691,-0.02826168423,1
0.1344317497,0.1163982223,0.04761053429,-0.02535631211,1
0.1377105728,0.008197057907,-0.02528798969,-0.03527623896,1
0.1377105728,0.01147588107,-0.02514938211,-0.03864980385,1
0.1377105728,0.01475470423,-0.02458737409,-0.0417287676,1
0.1377105728,0.01803352739,-0.024009529,-0.04436031018,1
0.1377105728,0.02131235056,-0.02460736665,-0.04713837618,1
0.1377105728,0.02459117372,-0.02511845137,-0.04908543692,1
0.1377105728,0.02786999688,-0.02618693343,-0.05267949836,1
0.1377105728,0.03114882004,-0.02557828467,-0.05418089454,1
0.1377105728,0.03442764321,-0.02598426619,-0.05527330064,1
0.1377105728,0.03770646637,-0.02655109379,-0.05653717456,1
0.1377105728,0.04098528953,-0.02561312071,-0.05820847746,1
0.1377105728,0.0442641127,-0.0261476457,-0.06067910706,1
0.1377105728,0.04754293586,-0.02533605419,-0.06218279434,1
0.1377105728,0.05082175902,-0.02303268549,-0.06382701554,1
0.1377105728,0.05410058218,-0.02183458502,-0.06759343761,1
0.1377105728,0.05737940535,-0.01816547349,-0.06949386396,1
0.1377105728,0.06065822851,-0.01436745759,-0.07146303079,1
0.1377105728,0.06393705167,-0.01069043029,-0.07202826341,1
0.1377105728,0.06721587483,-0.007203810162,-0.07294094997,1
0.1377105728,0.070494698,-0.002627051298,-0.07361174193,1
0.1377105728,0.07377352116,0.003634483855,-0.0714993804,1
0.1377105728,0.07705234432,0.008245619483,-0.06970806007,1
0.1377105728,0.08033116748,0.01158941186,-0.06741743385,1
0.1377105728,0.08360999065,0.01718381938,-0.06324857078,1
0.1377105728,0.08688881381,0.02252743683,-0.05931814272,1
0.1377105728,0.09016763697,0.0273976456,-0.0554173674,1
0.1377105728,0.09344646013,0.03204668484,-0.0499267727,1
0.1377105728,0.0967252833,0.03679082184,-0.04596112285,1
0.1377105728,0.1000041065,0.03900106249,-0.04043677951,1
0.1377105728,0.1032829296,0.04155661547,-0.03688485203,1
0.1377105728,0.1065617528,0.04226098455,-0.03423197014,1
0.1377105728,0.1098405759,0.04348956637,-0.03035594657,1
0.1377105728,0.1131193991,0.04392369507,-0.02822113433,1
0.1377105728,0.1163982223,0.04539850519,-0.02449174666,1
0.140989396,0.008197057907,-0.0208617469,-0.03508103145,1
0.140989396,0.01147588107,-0.02123641176,-0.03842179247,1
0.140989396,0.01475470423,-0.02159516029,-0.04210068064,1
0.140989396,0.01803352739,-0.02261202525,-0.04469354594,1
0.140989396,0.02131235056,-0.02230897331,-0.04766731427,1
0.140989396,0.02459117372,-0.02032002,-0.04987177611,1
0.140989396,0.02786999688,-0.02033059985,-0.05092360835,1
0.140989396,0.03114882004,-0.02026567401,-0.05383334944,1
0.140989396,0.03442764321,-0.01980031365,-0.05444942402,1
0.140989396,0.03770646637,-0.0192984581,-0.05717718151,1
0.140989396,0.04098528953,-0.01893655421,-0.05876392548,1
0.140989396,0.0442641127,-0.01950048447,-0.06111156464,1
0.140989396,0.04754293586,-0.0192912972,-0.06194545468,1
0.140989396,0.05082175902,-0.01628749771,-0.06252235635,1
0.140989396,0.05410058218,-0.01360335826,-0.06509620822,1
0.140989396,0.05737940535,-0.01065505032,-0.06667185007,1
0.140989396,0.06065822851,-0.00722472695,-0.06861929287,1
0.140989396,0.06393705167,-0.004494499573,-0.06823694073,1
0.140989396,0.06721587483,-0.001051992972,-0.0679141774,1
0.140989396,0.070494698,0.002777014716,-0.06720522171,1
0.140989396,0.07377352116,0.008118031343,-0.06523216984,1
0.140989396,0.07705234432,0.0112822793,-0.06456096895,1
0.140989396,0.08033116748,0.01523803209,-0.06219178314,1
0.140989396,0.08360999065,0.01958700888,-0.06012603918,1
0.140989396,0.08688881381,0.02417696118,-0.05538727342,1
0.140989396,0.09016763697,0.02899571448,-0.05093696424,1
0.140989396,0.09344646013,0.03247825318,-0.04662298098,1
0.140989396,0.0967252833,0.03545485735,-0.04365637521,1
0.140989396,0.1000041065,0.03761261041,-0.03909922336,1
0.140989396,0.1032829296,0.03955240326,-0.03587577574,1
0.140989396,0.1065617528,0.04160039297,-0.03331384997,1
0.140989396,0.1098405759,0.04175045248,-0.02966124995,1
0.140989396,0.1131193991,0.04074122247,-0.02695290764,1
0.140989396,0.1163982223,0.04242799015,-0.02641311716,1
0.1442682192,0.008197057907,-0.01889136879,-0.03594441789,1
0.1442682192,0.01147588107,-0.02009030193,-0.03793160055,1
0.1442682192,0.01475470423,-0.01974331371,-0.04128386702,1
0.1442682192,0.01803352739,-0.01973287342,-0.04399112393,1
0.1442682192,0.02131235056,-0.01919499665,-0.04688675182,1
0.1442682192,0.02459117372,-0.01723641395,-0.04894622316,1
0.1442682192,0.02786999688,-0.01611225529,-0.05083186017,1
0.1442682192,0.03114882004,-0.01585439121,-0.05308284112,1
0.1442682192,0.03442764321,-0.01576274425,-0.05546856665,1
0.1442682192,0.03770646637,-0.01386760993,-0.05719843928,1
0.1442682192,0.04098528953,-0.01365482246,-0.05946272036,1
0.1442682192,0.0442641127,-0.01438302711,-0.06025380655,1
0.1442682192,0.04754293586,-0.0116529736,-0.06268201811,1
0.1442682192,0.05082175902,-0.009646883842,-0.06256289565,1
0.1442682192,0.05410058218,-0.00807544975,-0.06280724051,1
0.1442682192,0.05737940535,-0.004725420554,-0.06467068918,1
0.1442682192,0.06065822851,-0.001692345461,-0.06535123807,1
0.1442682192,0.06393705167,0.0002026299511,-0.06396450626,1
0.1442682192,0.06721587483,0.003983530243,-0.06325778514,1
0.1442682192,0.070494698,0.007896224242,-0.06234950568,1
0.1442682192,0.07377352116,0.01180777372,-0.0619179994,1
0.1442682192,0.07705234432,0.01388423572,-0.0598369038,1
0.1442682192,0.08033116748,0.01832997042,-0.05764583957,1
0.1442682192,0.08360999065,0.02160149027,-0.0549053431,1
0.1442682192,0.08688881381,0.02604086075,-0.05069521768,1
0.1442682192,0.09016763697,0.02936468359,-0.04840086586,1
0.1442682192,0.09344646013,0.03303861941,-0.04485338751,1
0.1442682192,0.0967252833,0.03445334089,-0.04175098343,1
0.1442682192,0.1000041065,0.03734509379,-0.0376347507,1
0.1442682192,0.1032829296,0.03891967931,-0.03442374249,1
0.1442682192,0.1065617528,0.03901845516,-0.03123075808,1
0.1442682192,0.1098405759,0.03926156558,-0.02928542122,1
0.1442682192,0.1131193991,0.0396278011,-0.02739333691,1
0.1442682192,0.1163982223,0.0396628247,-0.02600951389,1
0.1475470423,0.008197057907,-0.01876014865,-0.03258853836,1
0.1475470423,0.01147588107,-0.01854041332,-0.03520579044,1
0.1475470423,0.01475470423,-0.01977201901,-0.03901666057,1
0.1475470423,0.01803352739,-0.01696817505,-0.04369627888,1
0.1475470423,0.02131235056,-0.01565000934,-0.04636669424,1
0.1475470423,0.02459117372,-0.0159281748,-0.04779379568,1
0.1475470423,0.02786999688,-0.01283783039,-0.0507159358,1
0.1475470423,0.03114882004,-0.01349147179,-0.05221129778,1
0.1475470423,0.03442764321,-0.01141077697,-0.05301376507,1
0.1475470423,0.03770646637,-0.01102414838,-0.05552475158,1
0.1475470423,0.04098528953,-0.009382235964,-0.05742897159,1
0.1475470423,0.0442641127,-0.009125076264,-0.05897125604,1
0.1475470423,0.04754293586,-0.007324506976,-0.06004224406,1
0.1475470423,0.05082175902,-0.007125671702,-0.05987367201,1
0.1475470423,0.05410058218,-0.003781449062,-0.05936472381,1
0.1475470423,0.05737940535,-0.0005811136855,-0.06153470625,1
0.1475470423,0.06065822851,0.001360178983,-0.06178534955,1
0.1475470423,0.06393705167,0.003455594449,-0.06050762086,1
0.1475470423,0.06721587483,0.006816906845,-0.06041356507,1
0.1475470423,0.070494698,0.01157282086,-0.05867499304,1
0.1475470423,0.07377352116,0.01349786612,-0.0589641755,1
0.1475470423,0.07705234432,0.0157575925,-0.05682347981,1
0.1475470423,0.08033116748,0.02035432868,-0.05422446895,1
0.1475470423,0.08360999065,0.02246773562,-0.05096164296,1
0.1475470423,0.08688881381,0.02604417934,-0.04843849109,1
0.1475470423,0.09016763697,0.03025597432,-0.04585603868,1
0.1475470423,0.09344646013,0.03234805781,-0.04412761043,1
0.1475470423,0.0967252833,0.03309407901,-0.03892495813,1
0.1475470423,0.1000041065,0.03578524281,-0.03610569747,1
0.1475470423,0.1032829296,0.03743747459,-0.03309225342,1
0.1475470423,0.1065617528,0.03769979468,-0.0309324724,1
0.1475470423,0.1098405759,0.0365363172,-0.02742231397,1
0.1475470423,0.1131193991,0.03609174768,-0.0259347878,2
0.1475470423,0.1163982223,0.0362879875,-0.02772348643,1
0.1508258655,0.008197057907,-0.0174060205,-0.02972267238,1
0.1508258655,0.01147588107,-0.01634050591,-0.03356206727,1
0.1508258655,0.01475470423,-0.01650320801,-0.03660440345,1
0.1508258655,0.01803352739,-0.01677838643,-0.03997153622,1
0.1508258655,0.02131235056,-0.01427794483,-0.04454838502,1
0.1508258655,0.02459117372,-0.01332579201,-0.0472717326,1
0.1508258655,0.02786999688,-0.01118482868,-0.04994044195,1
0.1508258655,0.03114882004,-0.009720067301,-0.05155137894,1
0.1508258655,0.03442764321,-0.008325361558,-0.05186099448,1
0.1508258655,0.03770646637,-0.007697428764,-0.05432981021,1
0.1508258655,0.04098528953,-0.006384194968,-0.05584074312,1
0.1508258655,0.0442641127,-0.004740776201,-0.05727364364,1
0.1508258655,0.04754293586,-0.00277072494,-0.05665881553,1
0.1508258655,0.05082175902,-0.003900526964,-0.05767327181,1
0.1508258655,0.05410058218,-0.001089000713,-0.05838114224,1
0.1508258655,0.05737940535,0.0008262790824,-0.05875030128,1
0.1508258655,0.06065822851,0.002569863678,-0.05845114675,1
0.1508258655,0.06393705167,0.00606436959,-0.05802734731,1
0.1508258655,0.06721587483,0.009259397409,-0.05795300134,1
0.1508258655,0.070494698,0.01341347262,-0.05526970368,1
0.1508258655,0.07377352116,0.01594180741,-0.05532588791,1
0.1508258655,0.07705234432,0.01938056835,-0.05338115698,1
0.1508258655,0.08033116748,0.02105651155,-0.04973536662,1
0.1508258655,0.08360999065,0.02262958301,-0.04942262816,1
0.1508258655,0.08688881381,0.02611497621,-0.04710196898,1
0.1508258655,0.09016763697,0.03012319763,-0.04636855928,1
0.1508258655,0.09344646013,0.03090446435,-0.04317829601,1
0.1508258655,0.0967252833,0.03248471152,-0.0378273712,1
0.1508258655,0.1000041065,0.03197778637,-0.03441907472,1
0.1508258655,0.1032829296,0.03447760252,-0.03215001586,1
0.1508258655,0.1065617528,0.03373726114,-0.02933891766,1
0.1508258655,0.1098405759,0.03334807602,-0.02708420762,1
0.1508258655,0.1131193991,0.03248916589,-0.02612994986,1
0.1508258655,0.1163982223,0.03209667216,-0.02768400609,1
0.1541046886,0.008197057907,-0.01495836321,-0.0302635135,2
0.1541046886,0.01147588107,-0.0163950473,-0.03196549021,2
0.1541046886,0.01475470423,-0.01376266572,-0.03397937183,1
0.1541046886,0.01803352739,-0.01373534853,-0.03641417944,1
0.1541046886,0.02131235056,-0.01291506023,-0.04103150937,1
0.1541046886,0.02459117372,-0.01203464146,-0.04394220326,1
0.1541046886,0.02786999688,-0.0107445732,-0.04794552492,1
0.1541046886,0.03114882004,-0.008416859765,-0.0502562948,1
0.1541046886,0.03442764321,-0.007347561403,-0.05185751757,1
0.1541046886,0.03770646637,-0.006015578016,-0.05387433921,1
0.1541046886,0.04098528953,-0.004552376628,-0.05480198288,1
0.1541046886,0.0442641127,-0.002729368544,-0.05489398977,1
0.1541046886,0.04754293586,-0.0003863627175,-0.05524358436,1
0.1541046886,0.05082175902,0.0003650677631,-0.05545041862,1
0.1541046886,0.05410058218,0.002370926685,-0.05651862323,1
0.1541046886,0.05737940535,0.002556822121,-0.05645580914,1
0.1541046886,0.06065822851,0.004998206012,-0.05609213098,1
0.1541046886,0.06393705167,0.008770684471,-0.05478305016,1
0.1541046886,0.06721587483,0.01163918812,-0.05430575542,1
0.1541046886,0.070494698,0.01473367818,-0.05304139832,1
0.1541046886,0.07377352116,0.01598952486,-0.05137276053,1
0.1541046886,0.07705234432,0.01957033364,-0.05130177358,1
0.1541046886,0.08033116748,0.02125494724,-0.04917292467,1
0.1541046886,0.08360999065,0.0239208586,-0.04842276846,1
0.1541046886,0.08688881381,0.02611282524,-0.04635227306,1
0.1541046886,0.09016763697,0.02760636358,-0.044721335,1
0.1541046886,0.09344646013,0.02919680207,-0.04083904553,1
0.1541046886,0.0967252833,0.02867615715,-0.03566147567,1
0.1541046886,0.1000041065,0.02980834516,-0.03330106134,1
0.1541046886,0.1032829296,0.03078805022,-0.03225534403,1
0.1541046886,0.1065617528,0.03144254588,-0.02930137317,1
0.1541046886,0.1098405759,0.03045359691,-0.02710694985,1
0.1541046886,0.1131193991,0.03107400797,-0.0270811882,2
0.1541046886,0.1163982223,0.03035303942,-0.02789188868,1
0.1573835118,0.008197057907,-0.01403077747,-0.02959721925,2
0.1573835118,0.01147588107,-0.01292004525,-0.02805568772,2
0.1573835118,0.01475470423,-0.01305456867,-0.03109497472,1
0.1573835118,0.01803352739,-0.01311221622,-0.03345018841,1
0.1573835118,0.02131235056,-0.01160228329,-0.03783029682,1
0.1573835118,0.02459117372,-0.01034732411,-0.0404626579,1
0.1573835118,0.02786999688,-0.008036947877,-0.04534059931,1
0.1573835118,0.03114882004,-0.008230523314,-0.04928626516,1
0.1573835118,0.03442764321,-0.00785513697,-0.05157695281,1
0.1573835118,0.03770646637,-0.00712864909,-0.05385693507,1
0.1573835118,0.04098528953,-0.00526185937,-0.05502373807,1
0.1573835118,0.0442641127,-0.003491347539,-0.05313233826,1
0.1573835118,0.04754293586,-0.0009014357244,-0.0539201507,1
0.1573835118,0.05082175902,0.002512844159,-0.05409611726,1
0.1573835118,0.05410058218,0.004192499733,-0.05352848187,1
0.1573835118,0.05737940535,0.006369538857,-0.05270940311,1
0.1573835118,0.06065822851,0.007505711049,-0.05237231683,1
0.1573835118,0.06393705167,0.010677072,-0.0546840374,1
0.1573835118,0.06721587483,0.01293412501,-0.05184636739,1
0.1573835118,0.070494698,0.01517109732,-0.05109644022,1
0.1573835118,0.07377352116,0.01792531695,-0.05108458508,1
0.1573835118,0.07705234432,0.01990310601,-0.0496161919,1
0.1573835118,0.08033116748,0.02157609485,-0.0480315934,1
0.1573835118,0.08360999065,0.02138997245,-0.04622506937,1
0.1573835118,0.08688881381,0.02381530533,-0.04427559581,1
0.1573835118,0.09016763697,0.02556862777,-0.04179141202,1
0.1573835118,0.09344646013,0.02571771177,-0.03849990469,1
0.1573835118,0.0967252833,0.02582733366,-0.03582453893,1
0.1573835118,0.1000041065,0.02837677148,-0.03266443691,1
0.1573835118,0.1032829296,0.02871102966,-0.03107517642,1
0.1573835118,0.1065617528,0.02868821721,-0.02957322792,1
0.1573835118,0.1098405759,0.02926857836,-0.02764901944,1
0.1573835118,0.1131193991,0.0292837187,-0.02592774074,2
0.1573835118,0.1163982223,0.02744177197,-0.02513507006,1
