PIVlab, ASCII chart output - 16-Oct-2021
FRAME: 300, filenames: MEAN of frames 1:299 & MEAN of frames 1:299, conversion factor xy (px -> m): 0.00020423, conversion factor uv (px/frame -> m/s): 0.010212
x [m],y [m],u [m/s],v [m/s],Vector type [-]
0.0155217462,0.006535472085,-0.08085923375,-0.03156585949,1
0.0155217462,0.009803208127,-0.0310297876,-0.00575010623,1
0.0155217462,0.01307094417,-0.01289481527,0.00392905896,1
0.0155217462,0.01633868021,-0.009182874416,0.01001575841,1
0.0155217462,0.01960641625,-0.01211977075,0.01424088554,1
0.0155217462,0.0228741523,-0.01758102696,0.01628932784,1
0.0155217462,0.02614188834,-0.02450192505,0.01764969841,1
0.0155217462,0.02940962438,-0.02583606387,0.01769651026,1
0.0155217462,0.03267736042,-0.02269735619,0.02318009975,1
0.0155217462,0.03594509647,-0.02264326922,0.02961067347,1
0.0155217462,0.03921283251,-0.02148716888,0.029522819,1
0.0155217462,0.04248056855,-0.01494304434,0.03358361605,1
0.0155217462,0.04574830459,-0.01149423472,0.03025612105,1
0.0155217462,0.04901604064,-0.01014115127,0.02737259451,1
0.0155217462,0.05228377668,-0.006116395246,0.02510702137,1
0.0155217462,0.05555151272,-0.00642697477,0.02665651079,1
0.0155217462,0.05881924876,-0.006442367767,0.02867207079,1
0.0155217462,0.06208698481,-0.007935499096,0.02969185326,1
0.0155217462,0.06535472085,-0.006157457925,0.02803310395,1
0.0155217462,0.06862245689,-0.006050468574,0.03017637898,1
0.0155217462,0.07189019293,-0.007478635493,0.03034167619,1
0.0155217462,0.07515792898,-0.008135620489,0.03330595338,1
0.0155217462,0.07842566502,-0.007610275903,0.03603032582,1
0.0155217462,0.08169340106,-0.005827427673,0.03849461274,1
0.0155217462,0.0849611371,-0.002480074342,0.03486089502,1
0.0155217462,0.08822887314,-0.002626180338,0.03290597565,1
0.0155217462,0.09149660919,-0.004622577735,0.03309893671,1
0.0155217462,0.09476434523,-0.003854777705,0.03378978945,1
0.0155217462,0.09803208127,-0.00100604649,0.0267228135,1
0.0155217462,0.1012998173,0.004165609745,0.01606459407,1
0.0155217462,0.1045675534,0.005892000836,0.0153151146,1
0.0155217462,0.1078352894,0.006636920272,0.01661132196,1
0.0155217462,0.1111030254,0.006685888085,0.01688498046,1
0.0155217462,0.1143707615,0.007469063098,0.01641484398,1
0.0155217462,0.1176384975,0.003258938386,0.01768162681,1
0.01878948224,0.006535472085,-0.0364543277,-0.002128180671,1
0.01878948224,0.009803208127,-0.02482661672,0.007235312856,1
0.01878948224,0.01307094417,-0.0190472281,0.01367692516,1
0.01878948224,0.01633868021,-0.01733968517,0.01227214375,1
0.01878948224,0.01960641625,-0.01889798067,0.01745347672,1
0.01878948224,0.0228741523,-0.0196883729,0.01488243983,1
0.01878948224,0.02614188834,-0.0238190747,0.01812040935,1
0.01878948224,0.02940962438,-0.02373166021,0.0185832382,1
0.01878948224,0.03267736042,-0.02057302183,0.02347748827,1
0.01878948224,0.03594509647,-0.018923753,0.02639849053,1
0.01878948224,0.03921283251,-0.01720214357,0.02796714425,1
0.01878948224,0.04248056855,-0.01667481434,0.03034361146,1
0.01878948224,0.04574830459,-0.01534106038,0.02961174047,1
0.01878948224,0.04901604064,-0.01360373426,0.0285881284,1
0.01878948224,0.05228377668,-0.0106120293,0.02782768561,1
0.01878948224,0.05555151272,-0.01224056694,0.02849613331,1
0.01878948224,0.05881924876,-0.01035307854,0.02963220464,1
0.01878948224,0.06208698481,-0.01207261566,0.0311243122,1
0.01878948224,0.06535472085,-0.009884990119,0.0336521104,1
0.01878948224,0.06862245689,-0.009871792403,0.03248255727,1
0.01878948224,0.07189019293,-0.008486187395,0.03346613223,1
0.01878948224,0.07515792898,-0.01033415965,0.03513308165,1
0.01878948224,0.07842566502,-0.009316032749,0.03877713367,1
0.01878948224,0.08169340106,-0.004796923859,0.03682319678,1
0.01878948224,0.0849611371,-0.003294892129,0.03719996235,1
0.01878948224,0.08822887314,-0.002147280299,0.03698502197,1
0.01878948224,0.09149660919,-0.003425630248,0.03651324688,1
0.01878948224,0.09476434523,0.0005541909301,0.03440630749,1
0.01878948224,0.09803208127,0.001390276091,0.03149957663,1
0.01878948224,0.1012998173,0.002032525013,0.03004637685,1
0.01878948224,0.1045675534,0.004508931045,0.02869975613,1
0.01878948224,0.1078352894,0.001957779926,0.02324660266,1
0.01878948224,0.1111030254,0.004356731372,0.02124234773,1
0.01878948224,0.1143707615,0.004661226665,0.02071222206,1
0.01878948224,0.1176384975,0.004614810362,0.01750345802,1
0.02205721829,0.006535472085,-0.02294220138,0.008448728539,1
0.02205721829,0.009803208127,-0.02012989098,0.01389928453,1
0.02205721829,0.01307094417,-0.02203090035,0.01443534016,1
0.02205721829,0.01633868021,-0.01979585734,0.01629147294,1
0.02205721829,0.01960641625,-0.01995164342,0.01590885713,1
0.02205721829,0.0228741523,-0.02232788317,0.01844203592,1
0.02205721829,0.02614188834,-0.02160508709,0.02033745004,1
0.02205721829,0.02940962438,-0.02171473068,0.02012446464,1
0.02205721829,0.03267736042,-0.01997443835,0.02102187703,1
0.02205721829,0.03594509647,-0.01913306184,0.02302178086,1
0.02205721829,0.03921283251,-0.01848906395,0.02470867436,1
0.02205721829,0.04248056855,-0.01814847978,0.02740202432,1
0.02205721829,0.04574830459,-0.01713950406,0.02899129347,1
0.02205721829,0.04901604064,-0.01658096052,0.02946173707,1
0.02205721829,0.05228377668,-0.01683124729,0.03034381402,1
0.02205721829,0.05555151272,-0.01641908666,0.03171863784,1
0.02205721829,0.05881924876,-0.01706833021,0.03266142996,1
0.02205721829,0.06208698481,-0.0169809883,0.03322022617,1
0.02205721829,0.06535472085,-0.01352701842,0.03441429158,1
0.02205721829,0.06862245689,-0.01131210742,0.03508717279,1
0.02205721829,0.07189019293,-0.01125084751,0.03697161405,1
0.02205721829,0.07515792898,-0.009623417991,0.03889418982,1
0.02205721829,0.07842566502,-0.009350203178,0.03885387255,1
0.02205721829,0.08169340106,-0.00712535404,0.03867375907,1
0.02205721829,0.0849611371,-0.003441622165,0.04092616236,1
0.02205721829,0.08822887314,-0.002131145011,0.04136548601,1
0.02205721829,0.09149660919,-0.001369678149,0.03928942448,1
0.02205721829,0.09476434523,-0.0003242033067,0.0377211581,1
0.02205721829,0.09803208127,0.00119642664,0.03679945461,1
0.02205721829,0.1012998173,0.0030808319,0.03487749186,1
0.02205721829,0.1045675534,0.004266741199,0.02997224555,1
0.02205721829,0.1078352894,0.004421673992,0.02773889039,1
0.02205721829,0.1111030254,0.004706136287,0.02667757291,1
0.02205721829,0.1143707615,0.004846685977,0.02321820045,1
0.02205721829,0.1176384975,0.005606718658,0.01884898577,1
0.02532495433,0.006535472085,-0.01719980504,0.01963353444,1
0.02532495433,0.009803208127,-0.01966682062,0.01301770509,1
0.02532495433,0.01307094417,-0.02186830278,0.01497224319,1
0.02532495433,0.01633868021,-0.02150096396,0.01657339202,1
0.02532495433,0.01960641625,-0.02476561515,0.01639567827,1
0.02532495433,0.0228741523,-0.02445480903,0.01787318082,1
0.02532495433,0.02614188834,-0.02398844207,0.01895680471,1
0.02532495433,0.02940962438,-0.02346517658,0.01917883075,1
0.02532495433,0.03267736042,-0.02176334526,0.02059864781,1
0.02532495433,0.03594509647,-0.02129110626,0.02196696933,1
0.02532495433,0.03921283251,-0.02126788363,0.02441772762,1
0.02532495433,0.04248056855,-0.01975538338,0.02618065717,1
0.02532495433,0.04574830459,-0.01891728048,0.02855892969,1
0.02532495433,0.04901604064,-0.01971663464,0.03113232651,1
0.02532495433,0.05228377668,-0.01792187993,0.03278971275,1
0.02532495433,0.05555151272,-0.01747377899,0.03363251625,1
0.02532495433,0.05881924876,-0.01743920832,0.03488362565,1
0.02532495433,0.06208698481,-0.01548555309,0.03617563732,1
0.02532495433,0.06535472085,-0.01416893644,0.03714896078,1
0.02532495433,0.06862245689,-0.01222870118,0.03867391358,1
0.02532495433,0.07189019293,-0.01096840358,0.03981740476,1
0.02532495433,0.07515792898,-0.008705824276,0.04185404995,1
0.02532495433,0.07842566502,-0.006877215255,0.04105975954,1
0.02532495433,0.08169340106,-0.005719412404,0.04208511964,1
0.02532495433,0.0849611371,-0.003460828152,0.0415121457,1
0.02532495433,0.08822887314,-0.003732536478,0.04341603436,1
0.02532495433,0.09149660919,-0.001205007003,0.04163487476,1
0.02532495433,0.09476434523,0.000276282397,0.04138868993,1
0.02532495433,0.09803208127,0.002027375396,0.03969369719,1
0.02532495433,0.1012998173,0.003632381233,0.03844197133,1
0.02532495433,0.1045675534,0.004773112186,0.03530585488,1
0.02532495433,0.1078352894,0.004179898231,0.03446409214,1
0.02532495433,0.1111030254,0.005174073704,0.03040317013,1
0.02532495433,0.1143707615,0.004618880052,0.02738459585,1
0.02532495433,0.1176384975,0.006265412614,0.02309166422,1
0.02859269037,0.006535472085,-0.01814356618,0.02106085224,1
0.02859269037,0.009803208127,-0.02275137444,0.0175559208,1
0.02859269037,0.01307094417,-0.02551282788,0.01476051444,1
0.02859269037,0.01633868021,-0.02559553928,0.01464762107,1
0.02859269037,0.01960641625,-0.02585885474,0.01564079978,1
0.02859269037,0.0228741523,-0.02621432859,0.01664441972,1
0.02859269037,0.02614188834,-0.02608433581,0.01835553395,1
0.02859269037,0.02940962438,-0.02491474488,0.0194967935,1
0.02859269037,0.03267736042,-0.02556292722,0.02090099582,1
0.02859269037,0.03594509647,-0.02441527649,0.02394926455,1
0.02859269037,0.03921283251,-0.02320313278,0.02651337551,1
0.02859269037,0.04248056855,-0.02326199194,0.02792335419,1
0.02859269037,0.04574830459,-0.02185057052,0.0308433243,1
0.02859269037,0.04901604064,-0.02157245112,0.03332030554,1
0.02859269037,0.05228377668,-0.01982155896,0.03483463619,1
0.02859269037,0.05555151272,-0.01938378348,0.03571069862,1
0.02859269037,0.05881924876,-0.01656229647,0.03896278269,1
0.02859269037,0.06208698481,-0.01392269552,0.03955956863,1
0.02859269037,0.06535472085,-0.0134604984,0.04062841975,1
0.02859269037,0.06862245689,-0.01147070785,0.04117927186,1
0.02859269037,0.07189019293,-0.00969319324,0.0427025538,1
0.02859269037,0.07515792898,-0.007939340354,0.04360927821,1
0.02859269037,0.07842566502,-0.005998100792,0.04357851949,1
0.02859269037,0.08169340106,-0.004290848531,0.04356650551,1
0.02859269037,0.0849611371,-0.003580365619,0.04421422872,1
0.02859269037,0.08822887314,-0.002224467729,0.04356918569,1
0.02859269037,0.09149660919,-0.0008768252893,0.04345524792,1
0.02859269037,0.09476434523,0.0003350740049,0.04285989935,1
0.02859269037,0.09803208127,0.002911089003,0.04223812364,1
0.02859269037,0.1012998173,0.006071521129,0.04083453155,1
0.02859269037,0.1045675534,0.006733649344,0.0401933611,1
0.02859269037,0.1078352894,0.005930008841,0.03769375267,1
0.02859269037,0.1111030254,0.006671137337,0.03479653846,1
0.02859269037,0.1143707615,0.006796524444,0.03068850088,1
0.02859269037,0.1176384975,0.007169141941,0.02701262309,1
0.03186042641,0.006535472085,-0.02507062807,0.01805220652,1
0.03186042641,0.009803208127,-0.02508780504,0.01425295969,1
0.03186042641,0.01307094417,-0.02558989831,0.01510561656,1
0.03186042641,0.01633868021,-0.02741218389,0.01527501288,1
0.03186042641,0.01960641625,-0.02769253028,0.01580399044,1
0.03186042641,0.0228741523,-0.02818820179,0.01731552808,1
0.03186042641,0.02614188834,-0.02822923332,0.01791102759,1
0.03186042641,0.02940962438,-0.02679568154,0.01823754286,1
0.03186042641,0.03267736042,-0.0272219282,0.02346825768,1
0.03186042641,0.03594509647,-0.02681448285,0.02662494164,1
0.03186042641,0.03921283251,-0.02596341194,0.02869898561,1
0.03186042641,0.04248056855,-0.02510739844,0.03006080629,1
0.03186042641,0.04574830459,-0.02295945513,0.03331038412,1
0.03186042641,0.04901604064,-0.02076960183,0.03632103371,1
0.03186042641,0.05228377668,-0.01905032237,0.0385542366,1
0.03186042641,0.05555151272,-0.01654957768,0.04053308976,1
0.03186042641,0.05881924876,-0.01444032654,0.04096926412,1
0.03186042641,0.06208698481,-0.01170845999,0.04267463073,1
0.03186042641,0.06535472085,-0.008510964084,0.04310552572,1
0.03186042641,0.06862245689,-0.007833726666,0.04425356079,1
0.03186042641,0.07189019293,-0.004549695551,0.04392638178,1
0.03186042641,0.07515792898,-0.003774754344,0.04429483297,1
0.03186042641,0.07842566502,-0.002153856593,0.04417339502,1
0.03186042641,0.08169340106,-0.001672960396,0.04524807161,1
0.03186042641,0.0849611371,-0.00164506737,0.04613058252,1
0.03186042641,0.08822887314,-1.781130979e-07,0.04620650287,1
0.03186042641,0.09149660919,0.002407768077,0.04422525761,1
0.03186042641,0.09476434523,0.003769286138,0.04486905215,1
0.03186042641,0.09803208127,0.004154685627,0.04347226646,1
0.03186042641,0.1012998173,0.005504405589,0.04431547306,1
0.03186042641,0.1045675534,0.005845375018,0.04114410097,1
0.03186042641,0.1078352894,0.008398422572,0.03979078254,1
0.03186042641,0.1111030254,0.009347662055,0.03774246748,1
0.03186042641,0.1143707615,0.00960290767,0.03576999989,1
0.03186042641,0.1176384975,0.01222601864,0.03025226174,1
0.03512816246,0.006535472085,-0.02927937488,0.01666451724,1
0.03512816246,0.009803208127,-0.02875061695,0.01174430153,1
0.03512816246,0.01307094417,-0.02861111744,0.01209717176,1
0.03512816246,0.01633868021,-0.02887742154,0.01272854663,1
0.03512816246,0.01960641625,-0.02972347521,0.01493668933,1
0.03512816246,0.0228741523,-0.02935574007,0.01661786107,1
0.03512816246,0.02614188834,-0.02988153944,0.01800666777,1
0.03512816246,0.02940962438,-0.02876121534,0.02139193349,1
0.03512816246,0.03267736042,-0.02913261806,0.02463034478,1
0.03512816246,0.03594509647,-0.02867230468,0.02586922805,1
0.03512816246,0.03921283251,-0.02709737672,0.02949301632,1
0.03512816246,0.04248056855,-0.02479508684,0.03205810447,1
0.03512816246,0.04574830459,-0.02205003524,0.03524617992,1
0.03512816246,0.04901604064,-0.01817111737,0.03881004108,1
0.03512816246,0.05228377668,-0.01636589403,0.04096926797,1
0.03512816246,0.05555151272,-0.01299748823,0.04300526472,1
0.03512816246,0.05881924876,-0.009928929551,0.04373281004,1
0.03512816246,0.06208698481,-0.007016099461,0.04600218094,1
0.03512816246,0.06535472085,-0.005173593445,0.04601185848,1
0.03512816246,0.06862245689,-0.003146506603,0.04680202973,1
0.03512816246,0.07189019293,-0.003285773216,0.04562718171,1
0.03512816246,0.07515792898,-0.0003919615209,0.04690891302,1
0.03512816246,0.07842566502,0.0006000263386,0.04632983442,1
0.03512816246,0.08169340106,0.0008595887281,0.0456150675,1
0.03512816246,0.0849611371,0.001846873173,0.04686477394,1
0.03512816246,0.08822887314,0.003269606546,0.04747196237,1
0.03512816246,0.09149660919,0.003439222181,0.04650485177,1
0.03512816246,0.09476434523,0.005205443761,0.04605127913,1
0.03512816246,0.09803208127,0.006577736386,0.04570321923,1
0.03512816246,0.1012998173,0.006585990554,0.04526293933,1
0.03512816246,0.1045675534,0.008044219411,0.04359945077,1
0.03512816246,0.1078352894,0.008830167215,0.04111090953,1
0.03512816246,0.1111030254,0.009370680885,0.03944110578,1
0.03512816246,0.1143707615,0.01183366959,0.03646658126,1
0.03512816246,0.1176384975,0.0125131486,0.03247943881,1
0.0383958985,0.006535472085,-0.03220574489,0.01625655377,1
0.0383958985,0.009803208127,-0.03075790478,0.0102305322,1
0.0383958985,0.01307094417,-0.03009081006,0.01047457311,1
0.0383958985,0.01633868021,-0.03022871712,0.01207853985,1
0.0383958985,0.01960641625,-0.03172379131,0.01437091775,1
0.0383958985,0.0228741523,-0.03085314011,0.01542212714,1
0.0383958985,0.02614188834,-0.03259777196,0.0205227419,1
0.0383958985,0.02940962438,-0.03185023358,0.02250932897,1
0.0383958985,0.03267736042,-0.03158568843,0.02617738559,1
0.0383958985,0.03594509647,-0.02917965509,0.02677775227,1
0.0383958985,0.03921283251,-0.02715565275,0.03110634907,1
0.0383958985,0.04248056855,-0.02463351552,0.03459596996,1
0.0383958985,0.04574830459,-0.02230011907,0.03779610826,1
0.0383958985,0.04901604064,-0.01712529332,0.04028390288,1
0.0383958985,0.05228377668,-0.01219187481,0.04329030424,1
0.0383958985,0.05555151272,-0.008774218656,0.04396962142,1
0.0383958985,0.05881924876,-0.004278907064,0.04703228833,1
0.0383958985,0.06208698481,-0.002255179572,0.04868922915,1
0.0383958985,0.06535472085,0.001820143513,0.04832011891,1
0.0383958985,0.06862245689,0.002661316886,0.04854643242,1
0.0383958985,0.07189019293,0.00377375753,0.04791699856,1
0.0383958985,0.07515792898,0.005896468872,0.0461832089,1
0.0383958985,0.07842566502,0.00564389892,0.0455594786,1
0.0383958985,0.08169340106,0.005703704881,0.04629838464,1
0.0383958985,0.0849611371,0.007608769032,0.0464607806,1
0.0383958985,0.08822887314,0.006374347701,0.04716343023,1
0.0383958985,0.09149660919,0.005925111878,0.04744937134,1
0.0383958985,0.09476434523,0.008739811803,0.04706040042,1
0.0383958985,0.09803208127,0.007992936785,0.0467036154,1
0.0383958985,0.1012998173,0.007964165134,0.04588037054,1
0.0383958985,0.1045675534,0.008643136088,0.04619482977,1
0.0383958985,0.1078352894,0.01109356623,0.04339747093,1
0.0383958985,0.1111030254,0.01164508253,0.04160343923,1
0.0383958985,0.1143707615,0.01321911891,0.03987396107,1
0.0383958985,0.1176384975,0.01223744039,0.0351838638,1
0.04166363454,0.006535472085,-0.0289365178,0.01577632963,1
0.04166363454,0.009803208127,-0.02977884285,0.008976609608,1
0.04166363454,0.01307094417,-0.03142028368,0.008459393417,1
0.04166363454,0.01633868021,-0.03206407155,0.01063553079,1
0.04166363454,0.01960641625,-0.03321655417,0.01327344663,1
0.04166363454,0.0228741523,-0.03373259993,0.0163307311,1
0.04166363454,0.02614188834,-0.03341512709,0.01910191203,1
0.04166363454,0.02940962438,-0.03340842438,0.02302933303,1
0.04166363454,0.03267736042,-0.03077219299,0.02654593717,1
0.04166363454,0.03594509647,-0.02973276331,0.02918758599,1
0.04166363454,0.03921283251,-0.02707769315,0.03324704626,1
0.04166363454,0.04248056855,-0.02321078702,0.03566266649,1
0.04166363454,0.04574830459,-0.02008153287,0.0390329001,1
0.04166363454,0.04901604064,-0.01516095908,0.04329324032,1
0.04166363454,0.05228377668,-0.01051621242,0.04732175123,1
0.04166363454,0.05555151272,-0.005437501524,0.04813660761,1
0.04166363454,0.05881924876,-0.002371110594,0.04940974848,1
0.04166363454,0.06208698481,0.001387746866,0.0510972667,1
0.04166363454,0.06535472085,0.0048730933,0.05179282226,1
0.04166363454,0.06862245689,0.00724792217,0.05018907151,1
0.04166363454,0.07189019293,0.009409425767,0.04951040827,1
0.04166363454,0.07515792898,0.01200722899,0.04725386612,1
0.04166363454,0.07842566502,0.01300486727,0.04765106028,1
0.04166363454,0.08169340106,0.01246987546,0.0474142492,1
0.04166363454,0.0849611371,0.01089975064,0.046415758,1
0.04166363454,0.08822887314,0.01267900517,0.04593801741,1
0.04166363454,0.09149660919,0.01220633729,0.04675545726,1
0.04166363454,0.09476434523,0.01196781895,0.04754274088,1
0.04166363454,0.09803208127,0.01227776196,0.04673508535,1
0.04166363454,0.1012998173,0.01126726528,0.04598363846,1
0.04166363454,0.1045675534,0.01049717646,0.04754996844,1
0.04166363454,0.1078352894,0.0129222728,0.04566344158,1
0.04166363454,0.1111030254,0.01398881181,0.04533102834,1
0.04166363454,0.1143707615,0.01495357112,0.04195183989,1
0.04166363454,0.1176384975,0.01513337046,0.03709711446,1
0.04493137058,0.006535472085,-0.03115039104,0.01417149366,1
0.04493137058,0.009803208127,-0.03307107181,0.008992465105,1
0.04493137058,0.01307094417,-0.033689288,0.007877290702,1
0.04493137058,0.01633868021,-0.03477453563,0.009924626688,1
0.04493137058,0.01960641625,-0.0351481582,0.01245380068,1
0.04493137058,0.0228741523,-0.03480553559,0.01582984776,1
0.04493137058,0.02614188834,-0.03470258917,0.01944438508,1
0.04493137058,0.02940962438,-0.03351639612,0.024410451,1
0.04493137058,0.03267736042,-0.03243803602,0.02765697435,1
0.04493137058,0.03594509647,-0.02872866026,0.03299072017,1
0.04493137058,0.03921283251,-0.02533902464,0.03627646379,1
0.04493137058,0.04248056855,-0.02138279675,0.03818030545,1
0.04493137058,0.04574830459,-0.01736360522,0.04337016685,1
0.04493137058,0.04901604064,-0.01282916612,0.04799161052,1
0.04493137058,0.05228377668,-0.00924266954,0.05038714251,1
0.04493137058,0.05555151272,-0.003979149599,0.05214698896,1
0.04493137058,0.05881924876,0.002094770591,0.05226490735,1
0.04493137058,0.06208698481,0.004855751227,0.05473668305,1
0.04493137058,0.06535472085,0.006972415344,0.05562361758,1
0.04493137058,0.06862245689,0.01049855778,0.05284894463,1
0.04493137058,0.07189019293,0.01555464149,0.05125340227,1
0.04493137058,0.07515792898,0.01676173652,0.04945435398,1
0.04493137058,0.07842566502,0.01795680728,0.0477442602,1
0.04493137058,0.08169340106,0.01821093605,0.04668653004,1
0.04493137058,0.0849611371,0.01818497796,0.04570247013,1
0.04493137058,0.08822887314,0.01747387324,0.04513061444,1
0.04493137058,0.09149660919,0.01879975691,0.04420355691,1
0.04493137058,0.09476434523,0.01832015167,0.04501849908,1
0.04493137058,0.09803208127,0.01656913658,0.04583357551,1
0.04493137058,0.1012998173,0.01740830086,0.04527388824,1
0.04493137058,0.1045675534,0.01559103613,0.04607729935,1
0.04493137058,0.1078352894,0.01478118533,0.04639282575,1
0.04493137058,0.1111030254,0.01616427703,0.04459702604,1
0.04493137058,0.1143707615,0.01706474481,0.043737473,1
0.04493137058,0.1176384975,0.01807535203,0.03952041284,1
0.04819910663,0.006535472085,-0.03475545323,0.01318526144,1
0.04819910663,0.009803208127,-0.03359669269,0.006987649742,1
0.04819910663,0.01307094417,-0.03447601795,0.007157189205,1
0.04819910663,0.01633868021,-0.03435839713,0.00938069318,1
0.04819910663,0.01960641625,-0.03530415257,0.01126806955,1
0.04819910663,0.0228741523,-0.036038257,0.01562006333,1
0.04819910663,0.02614188834,-0.03601000856,0.01959529214,1
0.04819910663,0.02940962438,-0.03593289998,0.02549491935,1
0.04819910663,0.03267736042,-0.03338552275,0.02924850151,1
0.04819910663,0.03594509647,-0.02901305925,0.03390644692,1
0.04819910663,0.03921283251,-0.02658359801,0.03784612105,1
0.04819910663,0.04248056855,-0.02143932521,0.04182906904,1
0.04819910663,0.04574830459,-0.01597264053,0.04567310072,1
0.04819910663,0.04901604064,-0.01124899962,0.05037646891,1
0.04819910663,0.05228377668,-0.005700270905,0.05420814124,1
0.04819910663,0.05555151272,-0.002758270521,0.05587831215,1
0.04819910663,0.05881924876,0.0009060235436,0.05677963131,1
0.04819910663,0.06208698481,0.006140399672,0.05823748856,1
0.04819910663,0.06535472085,0.01034779088,0.05917895173,1
0.04819910663,0.06862245689,0.01435942022,0.05584284043,1
0.04819910663,0.07189019293,0.01862919623,0.05432547582,1
0.04819910663,0.07515792898,0.02089238587,0.05253639062,1
0.04819910663,0.07842566502,0.0229777906,0.04821263854,1
0.04819910663,0.08169340106,0.02339733331,0.04641777721,1
0.04819910663,0.0849611371,0.0226097029,0.04503384018,1
0.04819910663,0.08822887314,0.02305060779,0.04286854704,1
0.04819910663,0.09149660919,0.02299518642,0.04224185588,1
0.04819910663,0.09476434523,0.02268336216,0.04286164093,1
0.04819910663,0.09803208127,0.02159505762,0.04394953001,1
0.04819910663,0.1012998173,0.01938037908,0.04458889581,1
0.04819910663,0.1045675534,0.01928674866,0.04406948187,1
0.04819910663,0.1078352894,0.01774532008,0.04474409463,1
0.04819910663,0.1111030254,0.01753028897,0.04376502523,1
0.04819910663,0.1143707615,0.01884148913,0.04333117543,1
0.04819910663,0.1176384975,0.01947536122,0.0383861801,1
0.05146684267,0.006535472085,-0.0346082539,0.009014252898,1
0.05146684267,0.009803208127,-0.03507860468,0.007305030976,1
0.05146684267,0.01307094417,-0.03543157349,0.006164499237,1
0.05146684267,0.01633868021,-0.03612780106,0.008874845179,1
0.05146684267,0.01960641625,-0.03634114144,0.01321284133,1
0.05146684267,0.0228741523,-0.03628115316,0.01761782721,1
0.05146684267,0.02614188834,-0.03701986705,0.02461344497,1
0.05146684267,0.02940962438,-0.03548048321,0.02836036158,1
0.05146684267,0.03267736042,-0.03238618139,0.03126640246,1
0.05146684267,0.03594509647,-0.02979939377,0.03757143665,1
0.05146684267,0.03921283251,-0.02664603885,0.04019025576,1
0.05146684267,0.04248056855,-0.02191947141,0.04343220078,1
0.05146684267,0.04574830459,-0.01776528197,0.04854441752,1
0.05146684267,0.04901604064,-0.01268528513,0.05425461534,1
0.05146684267,0.05228377668,-0.006724268262,0.05590938632,1
0.05146684267,0.05555151272,-0.002217461391,0.05990120365,1
0.05146684267,0.05881924876,0.002212615711,0.06108866025,1
0.05146684267,0.06208698481,0.008135826903,0.06037386749,1
0.05146684267,0.06535472085,0.01048167912,0.05920667516,1
0.05146684267,0.06862245689,0.01643313448,0.05875961671,1
0.05146684267,0.07189019293,0.0212647973,0.05721849192,1
0.05146684267,0.07515792898,0.02596844022,0.05461743032,1
0.05146684267,0.07842566502,0.02698502194,0.04966634225,1
0.05146684267,0.08169340106,0.0288525977,0.04635219757,1
0.05146684267,0.0849611371,0.02979041067,0.04378632196,1
0.05146684267,0.08822887314,0.03035621738,0.04282333087,1
0.05146684267,0.09149660919,0.0283466085,0.04041149977,1
0.05146684267,0.09476434523,0.026840269,0.0403259879,1
0.05146684267,0.09803208127,0.02716401388,0.04029124055,1
0.05146684267,0.1012998173,0.02610013283,0.04131779737,1
0.05146684267,0.1045675534,0.02370172937,0.04186292437,1
0.05146684267,0.1078352894,0.02220011254,0.04106091834,1
0.05146684267,0.1111030254,0.02130230463,0.0406450894,1
0.05146684267,0.1143707615,0.02019326147,0.04191855216,1
0.05146684267,0.1176384975,0.02030264764,0.03922591147,1
0.05473457871,0.006535472085,-0.03520907551,0.01132460048,1
0.05473457871,0.009803208127,-0.03704219209,0.006247015962,1
0.05473457871,0.01307094417,-0.03725270137,0.00758491111,1
0.05473457871,0.01633868021,-0.03713417008,0.009951770422,1
0.05473457871,0.01960641625,-0.03729738566,0.0138423837,1
0.05473457871,0.0228741523,-0.03676081539,0.01851219624,1
0.05473457871,0.02614188834,-0.03753380004,0.02260583771,1
0.05473457871,0.02940962438,-0.03566098573,0.02962839768,1
0.05473457871,0.03267736042,-0.03272930939,0.03523470401,1
0.05473457871,0.03594509647,-0.03056882172,0.0376217993,1
0.05473457871,0.03921283251,-0.02861218986,0.04461859069,1
0.05473457871,0.04248056855,-0.02470117184,0.05219243265,1
0.05473457871,0.04574830459,-0.01904977854,0.05645395821,1
0.05473457871,0.04901604064,-0.01477196995,0.05930861914,1
0.05473457871,0.05228377668,-0.01171169039,0.061558578,1
0.05473457871,0.05555151272,-0.005937042262,0.06372582931,1
0.05473457871,0.05881924876,-0.001148825048,0.06445292067,1
0.05473457871,0.06208698481,0.005643446562,0.06446152939,1
0.05473457871,0.06535472085,0.01187028441,0.06267635877,1
0.05473457871,0.06862245689,0.01637964994,0.05992163286,1
0.05473457871,0.07189019293,0.02311113177,0.06013653664,1
0.05473457871,0.07515792898,0.03048107704,0.05668145338,1
0.05473457871,0.07842566502,0.03500011872,0.05410467473,1
0.05473457871,0.08169340106,0.03379548265,0.04824838684,1
0.05473457871,0.0849611371,0.03374377025,0.04371416853,1
0.05473457871,0.08822887314,0.03694253363,0.03933646178,1
0.05473457871,0.09149660919,0.03398425868,0.03803998352,1
0.05473457871,0.09476434523,0.03520960709,0.03728731903,1
0.05473457871,0.09803208127,0.03129118546,0.03746317365,1
0.05473457871,0.1012998173,0.03134629397,0.03827850364,1
0.05473457871,0.1045675534,0.02910111828,0.03659217617,1
0.05473457871,0.1078352894,0.02729941434,0.03837934838,1
0.05473457871,0.1111030254,0.02454404835,0.03883649962,1
0.05473457871,0.1143707615,0.02269349571,0.04003187652,1
0.05473457871,0.1176384975,0.02378987277,0.03827677118,1
0.05800231475,0.006535472085,-0.03557450886,0.008659662249,1
0.05800231475,0.009803208127,-0.03633013696,0.007249484653,1
0.05800231475,0.01307094417,-0.0377870476,0.006802584041,1
0.05800231475,0.01633868021,-0.03790128237,0.0100757128,1
0.05800231475,0.01960641625,-0.03852517294,0.01374793674,1
0.05800231475,0.0228741523,-0.03967200642,0.01885724802,1
0.05800231475,0.02614188834,-0.03811982749,0.02666170283,1
0.05800231475,0.02940962438,-0.03650485926,0.0322633586,1
0.05800231475,0.03267736042,-0.03425877485,0.03788671968,1
0.05800231475,0.03594509647,-0.03327830851,0.04437065937,1
0.05800231475,0.03921283251,-0.03090720577,0.04982198247,1
0.05800231475,0.04248056855,-0.02829098454,0.05619822405,1
0.05800231475,0.04574830459,-0.02284475555,0.05876911957,1
0.05800231475,0.04901604064,-0.01763046049,0.06330377899,1
0.05800231475,0.05228377668,-0.01451562241,0.06529140802,1
0.05800231475,0.05555151272,-0.009453133125,0.06847146288,1
0.05800231475,0.05881924876,-0.002435579005,0.0715249372,1
0.05800231475,0.06208698481,0.003922356256,0.06945367956,1
0.05800231475,0.06535472085,0.01171254459,0.06677272412,1
0.05800231475,0.06862245689,0.01516481671,0.06476035407,1
0.05800231475,0.07189019293,0.02374312106,0.06414298056,1
0.05800231475,0.07515792898,0.02992772109,0.06103209949,1
0.05800231475,0.07842566502,0.03501177308,0.05536679009,1
0.05800231475,0.08169340106,0.03594700872,0.04943486511,1
0.05800231475,0.0849611371,0.03687846108,0.04257549095,1
0.05800231475,0.08822887314,0.04008365861,0.03840463628,1
0.05800231475,0.09149660919,0.03796481896,0.03322072765,1
0.05800231475,0.09476434523,0.03865692041,0.03448755264,1
0.05800231475,0.09803208127,0.03770243284,0.03265455682,1
0.05800231475,0.1012998173,0.03603170051,0.0326540281,1
0.05800231475,0.1045675534,0.03408549111,0.03276916657,1
0.05800231475,0.1078352894,0.03128628126,0.03476634732,1
0.05800231475,0.1111030254,0.028615286,0.03594795803,1
0.05800231475,0.1143707615,0.02639986334,0.03733625507,1
0.05800231475,0.1176384975,0.02566179089,0.03613156627,1
0.06127005079,0.006535472085,-0.0356702138,0.006674563321,1
0.06127005079,0.009803208127,-0.03566368208,0.005871230525,1
0.06127005079,0.01307094417,-0.03717741809,0.006530866393,1
0.06127005079,0.01633868021,-0.03958200972,0.01084806348,1
0.06127005079,0.01960641625,-0.04102853717,0.01438774589,1
0.06127005079,0.0228741523,-0.04105292625,0.01792858545,1
0.06127005079,0.02614188834,-0.04072836611,0.02484111099,1
0.06127005079,0.02940962438,-0.03980154879,0.03284170204,1
0.06127005079,0.03267736042,-0.03875718751,0.039666963,1
0.06127005079,0.03594509647,-0.03609469244,0.04697121328,1
0.06127005079,0.03921283251,-0.03517593791,0.05312675007,1
0.06127005079,0.04248056855,-0.03029347404,0.05713544112,1
0.06127005079,0.04574830459,-0.0291172761,0.06002069971,1
0.06127005079,0.04901604064,-0.023834577,0.06500535779,1
0.06127005079,0.05228377668,-0.01904055399,0.06822234083,1
0.06127005079,0.05555151272,-0.01605315654,0.07100672583,1
0.06127005079,0.05881924876,-0.00957861063,0.06700914045,1
0.06127005079,0.06208698481,-0.0009348221518,0.06880985521,1
0.06127005079,0.06535472085,0.008206750287,0.06800293749,1
0.06127005079,0.06862245689,0.01366202194,0.06380633422,1
0.06127005079,0.07189019293,0.02042639657,0.06190863378,1
0.06127005079,0.07515792898,0.02553421875,0.05672623679,1
0.06127005079,0.07842566502,0.03470583,0.05418483271,1
0.06127005079,0.08169340106,0.03922851079,0.04772602524,1
0.06127005079,0.0849611371,0.042912258,0.04209440587,1
0.06127005079,0.08822887314,0.04580028678,0.03749446372,1
0.06127005079,0.09149660919,0.04545323145,0.03086818318,1
0.06127005079,0.09476434523,0.04702590271,0.03015028278,1
0.06127005079,0.09803208127,0.04327673398,0.03102964536,1
0.06127005079,0.1012998173,0.04131817395,0.02770171113,1
0.06127005079,0.1045675534,0.03690326015,0.02907574117,1
0.06127005079,0.1078352894,0.03456247345,0.03016874516,1
0.06127005079,0.1111030254,0.03243355176,0.0312413715,1
0.06127005079,0.1143707615,0.02977562602,0.03382805154,1
0.06127005079,0.1176384975,0.02855132801,0.03354437514,1
0.06453778684,0.006535472085,-0.03470585123,0.003692596724,1
0.06453778684,0.009803208127,-0.03773115489,0.003533321668,1
0.06453778684,0.01307094417,-0.03822053846,0.005764870228,1
0.06453778684,0.01633868021,-0.04064954481,0.009884395761,1
0.06453778684,0.01960641625,-0.04161696927,0.01560351104,1
0.06453778684,0.0228741523,-0.04227730244,0.02144004069,1
0.06453778684,0.02614188834,-0.04328894079,0.02708808397,1
0.06453778684,0.02940962438,-0.04338035623,0.0327174507,1
0.06453778684,0.03267736042,-0.04302889595,0.04274104975,1
0.06453778684,0.03594509647,-0.04191890038,0.04668389,1
0.06453778684,0.03921283251,-0.04020269509,0.05172251336,1
0.06453778684,0.04248056855,-0.03710385152,0.05794603152,1
0.06453778684,0.04574830459,-0.03354945535,0.06079375661,1
0.06453778684,0.04901604064,-0.02966961716,0.06184912759,1
0.06453778684,0.05228377668,-0.02708215289,0.06484367661,1
0.06453778684,0.05555151272,-0.02060887399,0.06707525772,1
0.06453778684,0.05881924876,-0.01460868211,0.06797140844,1
0.06453778684,0.06208698481,-0.005778163917,0.06739465688,1
0.06453778684,0.06535472085,0.002687355632,0.06945597094,1
0.06453778684,0.06862245689,0.01019186427,0.0625680533,1
0.06453778684,0.07189019293,0.01827103776,0.06165126614,1
0.06453778684,0.07515792898,0.02431795949,0.05633752987,1
0.06453778684,0.07842566502,0.03374559116,0.05181562706,1
0.06453778684,0.08169340106,0.03811058703,0.04563605245,1
0.06453778684,0.0849611371,0.043340165,0.04115301276,1
0.06453778684,0.08822887314,0.04520169939,0.03595138971,1
0.06453778684,0.09149660919,0.04602083527,0.02968920623,1
0.06453778684,0.09476434523,0.04861127398,0.02700916543,1
0.06453778684,0.09803208127,0.04765412527,0.02496427954,1
0.06453778684,0.1012998173,0.04678324094,0.02227132466,1
0.06453778684,0.1045675534,0.04378697547,0.02263788536,1
0.06453778684,0.1078352894,0.03947692873,0.02588540308,1
0.06453778684,0.1111030254,0.03586410029,0.02747663992,1
0.06453778684,0.1143707615,0.03229112833,0.03024217731,1
0.06453778684,0.1176384975,0.0313171943,0.02992440805,1
0.06780552288,0.006535472085,-0.03670615115,0.007465131053,1
0.06780552288,0.009803208127,-0.03888906679,0.0051501415,1
0.06780552288,0.01307094417,-0.04060013921,0.005150021719,1
0.06780552288,0.01633868021,-0.04093757856,0.009735486285,1
0.06780552288,0.01960641625,-0.04272078644,0.01495123586,1
0.06780552288,0.0228741523,-0.04480301846,0.01990878834,1
0.06780552288,0.02614188834,-0.04629988939,0.0258853799,1
0.06780552288,0.02940962438,-0.04366206625,0.03388512503,1
0.06780552288,0.03267736042,-0.04581145592,0.03799771173,1
0.06780552288,0.03594509647,-0.04573186391,0.0449441562,1
0.06780552288,0.03921283251,-0.04462925309,0.04777844457,1
0.06780552288,0.04248056855,-0.04339038099,0.05532083363,1
0.06780552288,0.04574830459,-0.0403716083,0.05653734994,1
0.06780552288,0.04901604064,-0.03577591938,0.0547213316,1
0.06780552288,0.05228377668,-0.02931420316,0.0551254546,1
0.06780552288,0.05555151272,-0.02531421777,0.05884012876,1
0.06780552288,0.05881924876,-0.01630335514,0.05953582986,1
0.06780552288,0.06208698481,-0.009791430979,0.06020983904,1
0.06780552288,0.06535472085,-0.001551830941,0.05779662098,1
0.06780552288,0.06862245689,0.005282008823,0.05480928285,1
0.06780552288,0.07189019293,0.01340241039,0.05306226692,1
0.06780552288,0.07515792898,0.02323822037,0.05197955865,1
0.06780552288,0.07842566502,0.03076901091,0.04795025297,1
0.06780552288,0.08169340106,0.03739995442,0.04365828094,1
0.06780552288,0.0849611371,0.04173523115,0.03900558062,1
0.06780552288,0.08822887314,0.04804700451,0.030547196,1
0.06780552288,0.09149660919,0.05236217689,0.0279348672,1
0.06780552288,0.09476434523,0.05237598585,0.02386804543,1
0.06780552288,0.09803208127,0.05187935892,0.02076093983,1
0.06780552288,0.1012998173,0.05077898707,0.01709154187,1
0.06780552288,0.1045675534,0.0467329001,0.01952891287,1
0.06780552288,0.1078352894,0.04383580723,0.02143524553,1
0.06780552288,0.1111030254,0.03980090467,0.02371888958,1
0.06780552288,0.1143707615,0.03702581989,0.02580443985,1
0.06780552288,0.1176384975,0.03342214284,0.02879244678,1
0.07107325892,0.006535472085,-0.0397129177,0.009785460516,1
0.07107325892,0.009803208127,-0.04041446902,0.004284738075,1
0.07107325892,0.01307094417,-0.04232792927,0.004413194678,1
0.07107325892,0.01633868021,-0.04454503401,0.008167437163,1
0.07107325892,0.01960641625,-0.04426033769,0.01282168784,1
0.07107325892,0.0228741523,-0.04773490124,0.01856171129,1
0.07107325892,0.02614188834,-0.04919307687,0.02400479795,1
0.07107325892,0.02940962438,-0.04818104927,0.03165293602,1
0.07107325892,0.03267736042,-0.04877212064,0.03555009419,1
0.07107325892,0.03594509647,-0.047847626,0.03976151879,1
0.07107325892,0.03921283251,-0.04907367076,0.04353552761,1
0.07107325892,0.04248056855,-0.04652807554,0.04653216679,1
0.07107325892,0.04574830459,-0.04408212085,0.04606248415,1
0.07107325892,0.04901604064,-0.03945332514,0.04345439246,1
0.07107325892,0.05228377668,-0.03358406848,0.04207121415,1
0.07107325892,0.05555151272,-0.02643131355,0.04185347682,1
0.07107325892,0.05881924876,-0.0193490604,0.04693392736,1
0.07107325892,0.06208698481,-0.01098017771,0.04524162567,1
0.07107325892,0.06535472085,-0.004570063646,0.04294733,1
0.07107325892,0.06862245689,0.002040243696,0.0407181137,1
0.07107325892,0.07189019293,0.006286984934,0.04188374164,1
0.07107325892,0.07515792898,0.01621844273,0.04138446684,1
0.07107325892,0.07842566502,0.02548468905,0.04046224743,1
0.07107325892,0.08169340106,0.03417637421,0.03840712775,1
0.07107325892,0.0849611371,0.04105076284,0.03319313467,1
0.07107325892,0.08822887314,0.04685660465,0.02769073481,1
0.07107325892,0.09149660919,0.05334696765,0.0231648385,1
0.07107325892,0.09476434523,0.05524862293,0.01819380759,1
0.07107325892,0.09803208127,0.05635190196,0.01545744392,1
0.07107325892,0.1012998173,0.05310314926,0.01370520048,1
0.07107325892,0.1045675534,0.05156460689,0.01190298149,1
0.07107325892,0.1078352894,0.04638279768,0.01699220949,1
0.07107325892,0.1111030254,0.04444142633,0.0189383488,1
0.07107325892,0.1143707615,0.03979079427,0.02414178917,1
0.07107325892,0.1176384975,0.03723459304,0.0262306003,1
0.07434099496,0.006535472085,-0.03953031561,0.00777877066,1
0.07434099496,0.009803208127,-0.04115608659,0.002198266398,1
0.07434099496,0.01307094417,-0.04274257024,0.003924723932,1
0.07434099496,0.01633868021,-0.04518977029,0.006688939609,1
0.07434099496,0.01960641625,-0.04745766062,0.0121481862,1
0.07434099496,0.0228741523,-0.04989906973,0.01509207357,1
0.07434099496,0.02614188834,-0.0510958378,0.02353559169,1
0.07434099496,0.02940962438,-0.0516064618,0.02858417696,1
0.07434099496,0.03267736042,-0.05111549545,0.03127146662,1
0.07434099496,0.03594509647,-0.05154924432,0.03272414917,1
0.07434099496,0.03921283251,-0.05215579563,0.03683751943,1
0.07434099496,0.04248056855,-0.05079889417,0.03690307369,1
0.07434099496,0.04574830459,-0.04624894918,0.03309811639,1
0.07434099496,0.04901604064,-0.04132464827,0.02942343207,1
0.07434099496,0.05228377668,-0.03353825492,0.03123681506,1
0.07434099496,0.05555151272,-0.01896631853,0.02645673114,1
0.07434099496,0.05881924876,-0.01092683279,0.02649571963,1
0.07434099496,0.06208698481,-0.005957913042,0.02304416194,1
0.07434099496,0.06535472085,-0.001509181808,0.021914892,1
0.07434099496,0.06862245689,0.002792923493,0.02282832457,1
0.07434099496,0.07189019293,0.006523615434,0.02125559566,1
0.07434099496,0.07515792898,0.01229501096,0.0287445181,1
0.07434099496,0.07842566502,0.01984800793,0.03200847282,1
0.07434099496,0.08169340106,0.03170768797,0.03147115061,1
0.07434099496,0.0849611371,0.03767692172,0.02869207921,1
0.07434099496,0.08822887314,0.04450207849,0.02327926351,1
0.07434099496,0.09149660919,0.05489278748,0.01888768579,1
0.07434099496,0.09476434523,0.05810788617,0.01411661625,1
0.07434099496,0.09803208127,0.05733322386,0.01216195166,1
0.07434099496,0.1012998173,0.05589355658,0.008073873169,1
0.07434099496,0.1045675534,0.05404570317,0.007708021327,1
0.07434099496,0.1078352894,0.05020170025,0.0133771748,1
0.07434099496,0.1111030254,0.04746093317,0.01689411414,1
0.07434099496,0.1143707615,0.04406702606,0.02105988943,1
0.07434099496,0.1176384975,0.04234712686,0.02437307878,1
0.07760873101,0.006535472085,-0.04205357113,0.003459902169,1
0.07760873101,0.009803208127,-0.04179169057,0.002234436715,1
0.07760873101,0.01307094417,-0.04329710618,0.0003091488483,1
0.07760873101,0.01633868021,-0.04493468589,0.004792510164,1
0.07760873101,0.01960641625,-0.04689291892,0.00915519215,1
0.07760873101,0.0228741523,-0.05055366818,0.01382456124,1
0.07760873101,0.02614188834,-0.0526393094,0.0215215193,1
0.07760873101,0.02940962438,-0.05463519405,0.02261078488,1
0.07760873101,0.03267736042,-0.05508068357,0.02717042561,1
0.07760873101,0.03594509647,-0.05619518112,0.02665481093,1
0.07760873101,0.03921283251,-0.05662706595,0.02814913573,1
0.07760873101,0.04248056855,-0.0533402405,0.02413193346,1
0.07760873101,0.04574830459,-0.04966868265,0.02481435604,1
0.07760873101,0.04901604064,-0.03968616934,0.01965810733,1
0.07760873101,0.05228377668,-0.02181235738,0.01520506318,1
0.07760873101,0.05555151272,-0.01070246846,0.01211027021,1
0.07760873101,0.05881924876,-0.00429512594,0.009479417218,1
0.07760873101,0.06208698481,-0.001782521483,0.008689499206,1
0.07760873101,0.06535472085,-0.0001045620524,0.008532024008,1
0.07760873101,0.06862245689,0.0008621777965,0.007651832962,1
0.07760873101,0.07189019293,0.005724820901,0.008879080678,1
0.07760873101,0.07515792898,0.01127147595,0.0152315093,1
0.07760873101,0.07842566502,0.01549533989,0.02038771423,1
0.07760873101,0.08169340106,0.02793045295,0.02487793368,1
0.07760873101,0.0849611371,0.03913370332,0.02256834757,1
0.07760873101,0.08822887314,0.04699615883,0.01817129013,1
0.07760873101,0.09149660919,0.0538941842,0.01397770812,1
0.07760873101,0.09476434523,0.0569507925,0.008697939304,1
0.07760873101,0.09803208127,0.05716423622,0.007443989783,1
0.07760873101,0.1012998173,0.05569775798,0.003624079321,1
0.07760873101,0.1045675534,0.05651105814,0.004759243439,1
0.07760873101,0.1078352894,0.05267207581,0.008818127928,1
0.07760873101,0.1111030254,0.04993799964,0.01183825782,1
0.07760873101,0.1143707615,0.04612466498,0.01741789801,1
0.07760873101,0.1176384975,0.04432283543,0.02080547097,1
0.08087646705,0.006535472085,-0.04247922536,-0.001132075252,1
0.08087646705,0.009803208127,-0.04188634031,-0.001087515734,1
0.08087646705,0.01307094417,-0.04354669092,-0.001499264051,1
0.08087646705,0.01633868021,-0.04718227566,0.002436579693,1
0.08087646705,0.01960641625,-0.05036468426,0.007052954951,1
0.08087646705,0.0228741523,-0.05264787475,0.009329447936,1
0.08087646705,0.02614188834,-0.05439557888,0.01770482433,1
0.08087646705,0.02940962438,-0.0576927311,0.02025654639,1
0.08087646705,0.03267736042,-0.06089178612,0.01838053094,1
0.08087646705,0.03594509647,-0.06344418789,0.02131670505,1
0.08087646705,0.03921283251,-0.05919640581,0.01824952574,1
0.08087646705,0.04248056855,-0.05284670543,0.01508817338,1
0.08087646705,0.04574830459,-0.04822089137,0.01270681327,1
0.08087646705,0.04901604064,-0.03009682825,0.01015483737,1
0.08087646705,0.05228377668,-0.01312587603,0.007680580003,1
0.08087646705,0.05555151272,-0.005990040294,0.005484452409,1
0.08087646705,0.05881924876,-0.003088059633,0.004051702498,1
0.08087646705,0.06208698481,-0.001378041384,0.003416811274,1
0.08087646705,0.06535472085,6.734204073e-05,0.002752263452,1
0.08087646705,0.06862245689,0.0009533965502,0.002521352248,1
0.08087646705,0.07189019293,0.001782798078,0.002623512959,1
0.08087646705,0.07515792898,0.004335940224,0.003915997129,1
0.08087646705,0.07842566502,0.01576960734,0.01220670427,1
0.08087646705,0.08169340106,0.02557968117,0.01924528567,1
0.08087646705,0.0849611371,0.03908892708,0.01751456368,1
0.08087646705,0.08822887314,0.04578840545,0.01256962443,1
0.08087646705,0.09149660919,0.05191822666,0.008213020751,1
0.08087646705,0.09476434523,0.05767044716,0.004541125731,1
0.08087646705,0.09803208127,0.05810070082,0.001290942832,1
0.08087646705,0.1012998173,0.05663364215,-0.0001589124574,1
0.08087646705,0.1045675534,0.05666933321,-0.0003618798657,1
0.08087646705,0.1078352894,0.05442813062,0.00397579063,1
0.08087646705,0.1111030254,0.05123988066,0.01052536367,1
0.08087646705,0.1143707615,0.04904078191,0.01484926433,1
0.08087646705,0.1176384975,0.04647263956,0.01748326428,1
0.08414420309,0.006535472085,-0.04329294197,-0.00629589931,1
0.08414420309,0.009803208127,-0.043256335,-0.005157532647,1
0.08414420309,0.01307094417,-0.04602971928,-0.003882348301,1
0.08414420309,0.01633868021,-0.04722096027,-0.0009728245447,1
0.08414420309,0.01960641625,-0.0509785438,0.003069532349,1
0.08414420309,0.0228741523,-0.05371093433,0.006998266042,1
0.08414420309,0.02614188834,-0.05690544189,0.01156319433,1
0.08414420309,0.02940962438,-0.0598052149,0.01410078595,1
0.08414420309,0.03267736042,-0.06500705386,0.01429642515,1
0.08414420309,0.03594509647,-0.06603116439,0.01397695733,1
0.08414420309,0.03921283251,-0.06191697306,0.01236917752,1
0.08414420309,0.04248056855,-0.05330068396,0.008024688749,1
0.08414420309,0.04574830459,-0.04234561089,0.002037584063,1
0.08414420309,0.04901604064,-0.02195016437,0.004531235824,1
0.08414420309,0.05228377668,-0.008160842675,0.004068713884,1
0.08414420309,0.05555151272,-0.004497585124,0.002255704016,1
0.08414420309,0.05881924876,-0.002876540726,0.001260347122,1
0.08414420309,0.06208698481,-0.002207377686,0.001530140938,1
0.08414420309,0.06535472085,-0.0006047198165,-0.0004808165862,1
0.08414420309,0.06862245689,-0.0003100289483,-3.215342076e-05,1
0.08414420309,0.07189019293,0.001288534456,0.001006260462,1
0.08414420309,0.07515792898,0.004069547722,0.0005882002757,1
0.08414420309,0.07842566502,0.01288973999,0.00695635651,1
0.08414420309,0.08169340106,0.02067809256,0.01549576176,1
0.08414420309,0.0849611371,0.03896245647,0.01191963589,1
0.08414420309,0.08822887314,0.0462267101,0.01005899319,1
0.08414420309,0.09149660919,0.05128381476,0.002180382302,1
0.08414420309,0.09476434523,0.05697296058,-0.001678430184,1
0.08414420309,0.09803208127,0.05813970197,-0.005019166472,1
0.08414420309,0.1012998173,0.0572197586,-0.006053572428,1
0.08414420309,0.1045675534,0.05499742598,-0.003578849991,1
0.08414420309,0.1078352894,0.05394473369,0.0008550034738,1
0.08414420309,0.1111030254,0.05299651314,0.005955792425,1
0.08414420309,0.1143707615,0.05222876804,0.01081956093,1
0.08414420309,0.1176384975,0.04872794592,0.01615736311,1
0.08741193913,0.006535472085,-0.04258955197,-0.009912388191,1
0.08741193913,0.009803208127,-0.04340645894,-0.00843301241,1
0.08741193913,0.01307094417,-0.04563464067,-0.005987537356,1
0.08741193913,0.01633868021,-0.04937399297,-0.003140660855,1
0.08741193913,0.01960641625,-0.05100314596,0.0004393673837,1
0.08741193913,0.0228741523,-0.05410964936,0.002355899129,1
0.08741193913,0.02614188834,-0.05882874123,0.007265472622,1
0.08741193913,0.02940962438,-0.06272908522,0.007872055247,1
0.08741193913,0.03267736042,-0.0712635682,0.008576261024,1
0.08741193913,0.03594509647,-0.06807388962,0.007789023062,1
0.08741193913,0.03921283251,-0.06027590325,0.004929156655,1
0.08741193913,0.04248056855,-0.04433678572,0.00441399753,1
0.08741193913,0.04574830459,-0.02231645846,0.001895277422,1
0.08741193913,0.04901604064,-0.009621931588,0.001307165539,1
0.08741193913,0.05228377668,-0.004882052842,0.002379987117,1
0.08741193913,0.05555151272,-0.002691731896,-0.0003304935274,1
0.08741193913,0.05881924876,-0.001400790908,0.0008784662037,1
0.08741193913,0.06208698481,-0.001606959015,0.001158992861,1
0.08741193913,0.06535472085,-0.002108417921,0.0009385428465,1
0.08741193913,0.06862245689,-0.002019769674,0.0007974438138,1
0.08741193913,0.07189019293,0.0006401149716,0.0003690420209,1
0.08741193913,0.07515792898,0.00289744061,0.0004935371235,1
0.08741193913,0.07842566502,0.009355618406,0.005363799368,1
0.08741193913,0.08169340106,0.01522063211,0.01137162625,1
0.08741193913,0.0849611371,0.02784835425,0.008811468904,1
0.08741193913,0.08822887314,0.04403287173,0.002435394255,1
0.08741193913,0.09149660919,0.04857136901,-0.001243658463,1
0.08741193913,0.09476434523,0.0534700887,-0.005502192941,1
0.08741193913,0.09803208127,0.05800737877,-0.008419769177,1
0.08741193913,0.1012998173,0.05742753838,-0.009448864251,1
0.08741193913,0.1045675534,0.05409856933,-0.008985111574,1
0.08741193913,0.1078352894,0.05456765932,-0.003110349029,1
0.08741193913,0.1111030254,0.05454295724,0.001726567747,1
0.08741193913,0.1143707615,0.05231472949,0.008098835624,1
0.08741193913,0.1176384975,0.04997080187,0.01243166839,1
0.09067967518,0.006535472085,-0.04326562341,-0.01204895593,1
0.09067967518,0.009803208127,-0.04212621976,-0.01145690623,1
0.09067967518,0.01307094417,-0.04583948534,-0.00886176708,1
0.09067967518,0.01633868021,-0.04962372434,-0.006510019641,1
0.09067967518,0.01960641625,-0.05392281102,-0.002517513784,1
0.09067967518,0.0228741523,-0.05751366363,2.905090087e-07,1
0.09067967518,0.02614188834,-0.06098046547,0.002106442175,1
0.09067967518,0.02940962438,-0.06368111262,0.003685595287,1
0.09067967518,0.03267736042,-0.06880060303,0.0007417385818,1
0.09067967518,0.03594509647,-0.06844997814,0.0001477223917,1
0.09067967518,0.03921283251,-0.06155030859,-0.000563886115,1
0.09067967518,0.04248056855,-0.0352333528,0.001631939966,1
0.09067967518,0.04574830459,-0.01506460378,0.003932654142,1
0.09067967518,0.04901604064,-0.005311075287,0.001926089374,1
0.09067967518,0.05228377668,-0.00397835561,0.002610752251,1
0.09067967518,0.05555151272,-0.002573251969,-0.0007211628717,1
0.09067967518,0.05881924876,-0.001007763276,0.0001259709053,1
0.09067967518,0.06208698481,-0.001198306201,0.001148070485,1
0.09067967518,0.06535472085,-0.002381281428,0.0003813823819,1
0.09067967518,0.06862245689,-0.001640892985,0.0001033493377,1
0.09067967518,0.07189019293,0.0005654379423,-2.221084993e-05,1
0.09067967518,0.07515792898,-0.0004101660499,0.0004680489717,1
0.09067967518,0.07842566502,0.002157623068,0.001281389406,1
0.09067967518,0.08169340106,0.007946759725,0.002129728513,1
0.09067967518,0.0849611371,0.02271414082,0.003516647612,1
0.09067967518,0.08822887314,0.04047361246,-0.002783708949,1
0.09067967518,0.09149660919,0.04476888119,-0.004095912157,1
0.09067967518,0.09476434523,0.0498175486,-0.009234135255,1
0.09067967518,0.09803208127,0.05433767471,-0.01592859137,1
0.09067967518,0.1012998173,0.05553011176,-0.0150279513,1
0.09067967518,0.1045675534,0.05579449098,-0.01243579789,1
0.09067967518,0.1078352894,0.05598237146,-0.006297233879,1
0.09067967518,0.1111030254,0.05439241152,-0.001777595018,1
0.09067967518,0.1143707615,0.05363309459,0.006434071135,1
0.09067967518,0.1176384975,0.05154549733,0.009357218838,1
0.09394741122,0.006535472085,-0.04381635347,-0.01488525555,1
0.09394741122,0.009803208127,-0.04285174338,-0.01375068811,1
0.09394741122,0.01307094417,-0.04413280725,-0.01191250686,1
0.09394741122,0.01633868021,-0.04703028743,-0.00990365308,1
0.09394741122,0.01960641625,-0.05272820833,-0.008673776517,1
0.09394741122,0.0228741523,-0.05737870854,-0.005849196371,1
0.09394741122,0.02614188834,-0.05969170086,-0.004604560385,1
0.09394741122,0.02940962438,-0.06376970667,-0.002263229993,1
0.09394741122,0.03267736042,-0.06922008582,-0.002397320814,1
0.09394741122,0.03594509647,-0.06927739428,-0.007212947624,1
0.09394741122,0.03921283251,-0.05912606009,-0.007942726678,1
0.09394741122,0.04248056855,-0.03275448814,-0.00338798763,1
0.09394741122,0.04574830459,-0.01144277696,3.530526586e-05,1
0.09394741122,0.04901604064,-0.005747918686,-0.001415823874,1
0.09394741122,0.05228377668,-0.005977540888,-0.001069180784,1
0.09394741122,0.05555151272,-0.003332651249,-0.001309411663,1
0.09394741122,0.05881924876,-0.001752477383,-0.001552156207,1
0.09394741122,0.06208698481,-0.0003476321956,0.001984656977,1
0.09394741122,0.06535472085,-0.0004149799422,0.001591489899,1
0.09394741122,0.06862245689,0.0004160799199,-0.0006292329702,1
0.09394741122,0.07189019293,0.0005705763592,-0.0004503101752,1
0.09394741122,0.07515792898,0.002456063341,-0.0003151293245,1
0.09394741122,0.07842566502,0.005193929901,0.00308272837,1
0.09394741122,0.08169340106,0.005418201955,-0.0007470307158,1
0.09394741122,0.0849611371,0.01852921763,-0.001336590457,1
0.09394741122,0.08822887314,0.03742960761,-0.008264754668,1
0.09394741122,0.09149660919,0.04276434184,-0.01262304982,1
0.09394741122,0.09476434523,0.04791129419,-0.01718812038,1
0.09394741122,0.09803208127,0.05237617408,-0.01824742252,1
0.09394741122,0.1012998173,0.05285720625,-0.01625286029,1
0.09394741122,0.1045675534,0.05562754048,-0.01462814838,1
0.09394741122,0.1078352894,0.05663531082,-0.008701666253,1
0.09394741122,0.1111030254,0.05475713545,-0.002415078296,1
0.09394741122,0.1143707615,0.05386326364,0.002740244908,1
0.09394741122,0.1176384975,0.05304818212,0.006259859245,1
0.09721514726,0.006535472085,-0.04449719466,-0.01640814928,1
0.09721514726,0.009803208127,-0.04294398594,-0.01751313376,1
0.09721514726,0.01307094417,-0.04393577146,-0.01598779426,1
0.09721514726,0.01633868021,-0.04768400276,-0.01511912986,1
0.09721514726,0.01960641625,-0.04948493318,-0.0136614574,1
0.09721514726,0.0228741523,-0.05381523992,-0.01126601566,1
0.09721514726,0.02614188834,-0.05805836456,-0.008451986997,1
0.09721514726,0.02940962438,-0.06429946727,-0.007015135938,1
0.09721514726,0.03267736042,-0.0705365612,-0.007268232737,1
0.09721514726,0.03594509647,-0.06698838968,-0.01190254496,1
0.09721514726,0.03921283251,-0.05557054031,-0.01661632918,1
0.09721514726,0.04248056855,-0.03426686645,-0.01150809151,1
0.09721514726,0.04574830459,-0.01333828959,-0.009830268112,1
0.09721514726,0.04901604064,-0.009160268279,-0.01170759471,1
0.09721514726,0.05228377668,-0.007869686972,-0.00622220491,1
0.09721514726,0.05555151272,-0.003271258123,-0.002389788402,1
0.09721514726,0.05881924876,-0.00172672602,-0.002125506716,1
0.09721514726,0.06208698481,-0.000976948451,-0.001293170133,1
0.09721514726,0.06535472085,-0.0004874866146,-0.0007791937945,1
0.09721514726,0.06862245689,-2.51988168e-05,-0.001245014124,1
0.09721514726,0.07189019293,0.003048163244,-0.0008932035898,1
0.09721514726,0.07515792898,0.007006221754,-0.001109757877,1
0.09721514726,0.07842566502,0.01201143146,-0.0001726140069,1
0.09721514726,0.08169340106,0.01217089891,-0.004973106133,1
0.09721514726,0.0849611371,0.0257735423,-0.01175181429,1
0.09721514726,0.08822887314,0.04067042637,-0.01716449752,1
0.09721514726,0.09149660919,0.04148712285,-0.01841562543,1
0.09721514726,0.09476434523,0.04924178904,-0.02299999329,1
0.09721514726,0.09803208127,0.05259054228,-0.02300690692,1
0.09721514726,0.1012998173,0.05257717907,-0.01917524162,1
0.09721514726,0.1045675534,0.05381383119,-0.01593096752,1
0.09721514726,0.1078352894,0.05647256942,-0.01234539734,1
0.09721514726,0.1111030254,0.05630934052,-0.004312821693,1
0.09721514726,0.1143707615,0.05537781997,0.0002349002906,1
0.09721514726,0.1176384975,0.05401540138,0.003124654023,1
0.1004828833,0.006535472085,-0.04390546798,-0.01623533963,1
0.1004828833,0.009803208127,-0.04097610707,-0.02097630019,1
0.1004828833,0.01307094417,-0.04091569203,-0.01955137298,1
0.1004828833,0.01633868021,-0.04415540736,-0.01900306735,1
0.1004828833,0.01960641625,-0.04829322975,-0.01699145507,1
0.1004828833,0.0228741523,-0.0525433374,-0.01626851219,1
0.1004828833,0.02614188834,-0.05706437242,-0.01622772797,1
0.1004828833,0.02940962438,-0.06303951328,-0.01210227296,1
0.1004828833,0.03267736042,-0.06718055105,-0.01213512926,1
0.1004828833,0.03594509647,-0.06507533079,-0.015571173,1
0.1004828833,0.03921283251,-0.05521725457,-0.02137655643,1
0.1004828833,0.04248056855,-0.04093780372,-0.02272342058,1
0.1004828833,0.04574830459,-0.02477008632,-0.02227498049,1
0.1004828833,0.04901604064,-0.01318441398,-0.0216761545,1
0.1004828833,0.05228377668,-0.00757387565,-0.01750721296,1
0.1004828833,0.05555151272,-0.002980521926,-0.01184115703,1
0.1004828833,0.05881924876,-0.001484295121,-0.008172181224,1
0.1004828833,0.06208698481,0.0003770437868,-0.007894905798,1
0.1004828833,0.06535472085,-0.0002389935008,-0.003369466376,1
0.1004828833,0.06862245689,0.002240797267,-0.002061320698,1
0.1004828833,0.07189019293,0.008604692292,-0.002940974552,1
0.1004828833,0.07515792898,0.01540374856,-0.005353800893,1
0.1004828833,0.07842566502,0.02199088375,-0.006988861533,1
0.1004828833,0.08169340106,0.02281744828,-0.008324494925,1
0.1004828833,0.0849611371,0.03202637349,-0.01702642254,1
0.1004828833,0.08822887314,0.03687638047,-0.02034543321,1
0.1004828833,0.09149660919,0.04087973917,-0.02259994933,1
0.1004828833,0.09476434523,0.04944371792,-0.02583186997,1
0.1004828833,0.09803208127,0.04980802555,-0.02612251921,1
0.1004828833,0.1012998173,0.05102841118,-0.02439609545,1
0.1004828833,0.1045675534,0.05196787059,-0.01962341048,1
0.1004828833,0.1078352894,0.05391424244,-0.01465950985,1
0.1004828833,0.1111030254,0.05541499805,-0.007207781267,1
0.1004828833,0.1143707615,0.0571680972,-0.0003990452952,1
0.1004828833,0.1176384975,0.05378546591,0.002198973007,1
0.1037506193,0.006535472085,-0.04158231007,-0.02184586947,1
0.1037506193,0.009803208127,-0.03827800305,-0.02589269623,1
0.1037506193,0.01307094417,-0.0399912842,-0.02383370363,1
0.1037506193,0.01633868021,-0.04279411996,-0.02409651744,1
0.1037506193,0.01960641625,-0.04513567306,-0.02157430974,1
0.1037506193,0.0228741523,-0.04839172381,-0.02112326948,1
0.1037506193,0.02614188834,-0.05537934067,-0.02052944563,1
0.1037506193,0.02940962438,-0.05968317015,-0.0176249921,1
0.1037506193,0.03267736042,-0.06301791655,-0.01791827368,1
0.1037506193,0.03594509647,-0.06342827875,-0.01861640293,1
0.1037506193,0.03921283251,-0.05689479954,-0.02642246365,1
0.1037506193,0.04248056855,-0.04732620409,-0.03036632676,1
0.1037506193,0.04574830459,-0.03483036297,-0.0315358131,1
0.1037506193,0.04901604064,-0.02294201781,-0.02913488051,1
0.1037506193,0.05228377668,-0.006749995592,-0.02697986338,1
0.1037506193,0.05555151272,-0.002487923451,-0.0244607838,1
0.1037506193,0.05881924876,4.159673732e-05,-0.01909721209,1
0.1037506193,0.06208698481,0.002291511958,-0.01368376931,1
0.1037506193,0.06535472085,0.006892403073,-0.01222131342,1
0.1037506193,0.06862245689,0.01320000128,-0.01260791053,1
0.1037506193,0.07189019293,0.01751023076,-0.01392842559,1
0.1037506193,0.07515792898,0.01821213294,-0.01267242377,1
0.1037506193,0.07842566502,0.02326944341,-0.01584291459,1
0.1037506193,0.08169340106,0.03014151016,-0.01923271098,1
0.1037506193,0.0849611371,0.02929849996,-0.02259576786,1
0.1037506193,0.08822887314,0.03610929767,-0.02858466353,1
0.1037506193,0.09149660919,0.03980405325,-0.02890492642,1
0.1037506193,0.09476434523,0.0454583832,-0.03511752461,1
0.1037506193,0.09803208127,0.0455571672,-0.02941067026,1
0.1037506193,0.1012998173,0.05027554565,-0.02841965244,1
0.1037506193,0.1045675534,0.0534247037,-0.02017258878,1
0.1037506193,0.1078352894,0.05495664761,-0.01629814846,1
0.1037506193,0.1111030254,0.05638061387,-0.009029468853,1
0.1037506193,0.1143707615,0.05631579166,-0.001678325301,1
0.1037506193,0.1176384975,0.05487841489,0.00277277067,1
0.1070183554,0.006535472085,-0.03607882875,-0.02728212779,1
0.1070183554,0.009803208127,-0.03626160795,-0.03006238178,1
0.1070183554,0.01307094417,-0.03417415419,-0.02957637056,1
0.1070183554,0.01633868021,-0.03927749919,-0.02941150738,1
0.1070183554,0.01960641625,-0.04337350234,-0.02712486544,1
0.1070183554,0.0228741523,-0.0464210119,-0.02561023014,1
0.1070183554,0.02614188834,-0.05232694438,-0.02370975441,1
0.1070183554,0.02940962438,-0.05682638494,-0.02197569076,1
0.1070183554,0.03267736042,-0.05948568295,-0.02112464445,1
0.1070183554,0.03594509647,-0.06097540543,-0.02372691548,1
0.1070183554,0.03921283251,-0.05607213871,-0.0300189766,1
0.1070183554,0.04248056855,-0.04988187375,-0.03456399837,1
0.1070183554,0.04574830459,-0.03685428867,-0.03676759636,1
0.1070183554,0.04901604064,-0.02867231549,-0.03676873243,1
0.1070183554,0.05228377668,-0.01686591096,-0.03599930345,1
0.1070183554,0.05555151272,-0.006832929402,-0.0347917516,1
0.1070183554,0.05881924876,-0.0009854929472,-0.03637615427,1
0.1070183554,0.06208698481,0.006287309191,-0.03343996844,1
0.1070183554,0.06535472085,0.009473259721,-0.0290100556,1
0.1070183554,0.06862245689,0.01177280075,-0.02621258857,1
0.1070183554,0.07189019293,0.01309896898,-0.02383708851,1
0.1070183554,0.07515792898,0.02078943688,-0.02521839553,1
0.1070183554,0.07842566502,0.02507381456,-0.03014299908,1
0.1070183554,0.08169340106,0.02754768586,-0.02897015497,1
0.1070183554,0.0849611371,0.03064038838,-0.03309959005,1
0.1070183554,0.08822887314,0.03572408787,-0.03674226494,1
0.1070183554,0.09149660919,0.03940765454,-0.03893078877,1
0.1070183554,0.09476434523,0.04194092863,-0.03713257252,1
0.1070183554,0.09803208127,0.04655141437,-0.03113958274,1
0.1070183554,0.1012998173,0.04962163234,-0.03009781306,1
0.1070183554,0.1045675534,0.05341190862,-0.02106309735,1
0.1070183554,0.1078352894,0.05426226946,-0.01467302201,1
0.1070183554,0.1111030254,0.05546485768,-0.007916087459,1
0.1070183554,0.1143707615,0.05594773716,-0.001980339909,1
0.1070183554,0.1176384975,0.05481467552,0.001687801716,1
0.1102860914,0.006535472085,-0.03551906286,-0.02762665392,1
0.1102860914,0.009803208127,-0.03295856326,-0.03172265632,1
0.1102860914,0.01307094417,-0.03346316391,-0.03118641814,1
0.1102860914,0.01633868021,-0.03558093242,-0.03238935798,1
0.1102860914,0.01960641625,-0.0385507788,-0.03101616988,1
0.1102860914,0.0228741523,-0.04156818999,-0.02995438446,1
0.1102860914,0.02614188834,-0.04718513084,-0.02920488261,1
0.1102860914,0.02940962438,-0.05335830768,-0.02586593695,1
0.1102860914,0.03267736042,-0.05645789765,-0.0269962452,1
0.1102860914,0.03594509647,-0.05519697333,-0.02883277222,1
0.1102860914,0.03921283251,-0.05511419793,-0.03204144248,1
0.1102860914,0.04248056855,-0.04981708735,-0.03696345527,1
0.1102860914,0.04574830459,-0.04298451027,-0.04138147548,1
0.1102860914,0.04901604064,-0.03230979757,-0.04333710069,1
0.1102860914,0.05228377668,-0.02211043125,-0.04464997035,1
0.1102860914,0.05555151272,-0.01339602666,-0.04519086383,1
0.1102860914,0.05881924876,-0.003914084294,-0.04345964754,1
0.1102860914,0.06208698481,0.00118154091,-0.04268006428,1
0.1102860914,0.06535472085,0.004618718407,-0.04326435339,1
0.1102860914,0.06862245689,0.009497973052,-0.0408374412,1
0.1102860914,0.07189019293,0.01617324119,-0.04100711067,1
0.1102860914,0.07515792898,0.01997463314,-0.040773283,1
0.1102860914,0.07842566502,0.02560759462,-0.04619474036,1
0.1102860914,0.08169340106,0.02806435321,-0.04434650771,1
0.1102860914,0.0849611371,0.03259397161,-0.04518612798,1
0.1102860914,0.08822887314,0.03288318628,-0.04491774701,1
0.1102860914,0.09149660919,0.03641502591,-0.04186698353,1
0.1102860914,0.09476434523,0.04095656205,-0.04155398391,1
0.1102860914,0.09803208127,0.04586317824,-0.03661027501,1
0.1102860914,0.1012998173,0.04838432859,-0.02873472433,1
0.1102860914,0.1045675534,0.05146705279,-0.02107284637,1
0.1102860914,0.1078352894,0.05310074961,-0.01625369463,1
0.1102860914,0.1111030254,0.05392759978,-0.009244548619,1
0.1102860914,0.1143707615,0.05515540193,-0.004412150796,1
0.1102860914,0.1176384975,0.05386346303,9.663587848e-05,1
0.1135538275,0.006535472085,-0.03599662693,-0.02459971222,1
0.1135538275,0.009803208127,-0.03228535826,-0.03049858576,1
0.1135538275,0.01307094417,-0.03184726188,-0.03257048683,1
0.1135538275,0.01633868021,-0.03356465948,-0.03357598524,1
0.1135538275,0.01960641625,-0.03260323517,-0.03510122183,1
0.1135538275,0.0228741523,-0.0365973785,-0.03479822439,1
0.1135538275,0.02614188834,-0.04038886729,-0.0340758064,1
0.1135538275,0.02940962438,-0.04595820282,-0.03216149154,1
0.1135538275,0.03267736042,-0.05037896191,-0.03227145309,1
0.1135538275,0.03594509647,-0.05331143124,-0.03442787421,1
0.1135538275,0.03921283251,-0.05205639201,-0.03615435257,1
0.1135538275,0.04248056855,-0.04656673641,-0.03956385453,1
0.1135538275,0.04574830459,-0.04448375186,-0.04440354727,1
0.1135538275,0.04901604064,-0.03587214485,-0.04851166621,1
0.1135538275,0.05228377668,-0.02669510128,-0.05239429945,1
0.1135538275,0.05555151272,-0.02002158989,-0.0544103387,1
0.1135538275,0.05881924876,-0.009049914,-0.05290736379,1
0.1135538275,0.06208698481,-0.003369787601,-0.05433140694,1
0.1135538275,0.06535472085,0.002782931326,-0.05762352449,1
0.1135538275,0.06862245689,0.005646270614,-0.05903850339,1
0.1135538275,0.07189019293,0.01270462537,-0.05201077307,1
0.1135538275,0.07515792898,0.01762618468,-0.05596114843,1
0.1135538275,0.07842566502,0.02013786543,-0.05494309633,1
0.1135538275,0.08169340106,0.02345138422,-0.05289402215,1
0.1135538275,0.0849611371,0.0289585422,-0.05217972273,1
0.1135538275,0.08822887314,0.03213915104,-0.05003444966,1
0.1135538275,0.09149660919,0.03606974614,-0.04637026642,1
0.1135538275,0.09476434523,0.04051179528,-0.04133903174,1
0.1135538275,0.09803208127,0.04481669292,-0.03571566336,1
0.1135538275,0.1012998173,0.04848803672,-0.02947443113,1
0.1135538275,0.1045675534,0.05087318489,-0.02305650747,1
0.1135538275,0.1078352894,0.05293517888,-0.01524480816,1
0.1135538275,0.1111030254,0.05485265649,-0.008670924025,1
0.1135538275,0.1143707615,0.0540646733,-0.005571044524,1
0.1135538275,0.1176384975,0.05376162613,-0.001923575087,1
0.1168215635,0.006535472085,-0.03243561704,-0.02818972334,1
0.1168215635,0.009803208127,-0.02987522186,-0.03173164531,1
0.1168215635,0.01307094417,-0.02862516586,-0.03519991416,1
0.1168215635,0.01633868021,-0.02928736477,-0.0359120035,1
0.1168215635,0.01960641625,-0.03079909546,-0.0360226836,1
0.1168215635,0.0228741523,-0.03318024928,-0.03657772946,1
0.1168215635,0.02614188834,-0.03643688928,-0.03608121932,1
0.1168215635,0.02940962438,-0.04163732593,-0.03595897124,1
0.1168215635,0.03267736042,-0.04457651445,-0.03673387835,1
0.1168215635,0.03594509647,-0.04593874748,-0.03711632249,1
0.1168215635,0.03921283251,-0.04266036174,-0.0397885963,1
0.1168215635,0.04248056855,-0.04203697944,-0.04361810508,1
0.1168215635,0.04574830459,-0.0417381361,-0.04477940833,1
0.1168215635,0.04901604064,-0.03429637822,-0.05099988649,1
0.1168215635,0.05228377668,-0.02840146642,-0.05298820675,1
0.1168215635,0.05555151272,-0.02098597306,-0.05687402565,1
0.1168215635,0.05881924876,-0.01304323274,-0.05870133931,1
0.1168215635,0.06208698481,-0.008728595287,-0.05983773691,1
0.1168215635,0.06535472085,-0.002119425792,-0.06565936623,1
0.1168215635,0.06862245689,0.003832962688,-0.066212119,1
0.1168215635,0.07189019293,0.009361702043,-0.06395488396,1
0.1168215635,0.07515792898,0.01223212196,-0.06276829608,1
0.1168215635,0.07842566502,0.01733645451,-0.05762667056,1
0.1168215635,0.08169340106,0.02230581613,-0.0583700636,1
0.1168215635,0.0849611371,0.02668548587,-0.05448394967,1
0.1168215635,0.08822887314,0.0327361638,-0.05108763368,1
0.1168215635,0.09149660919,0.03746236174,-0.04862763435,1
0.1168215635,0.09476434523,0.04164741756,-0.04185936887,1
0.1168215635,0.09803208127,0.04505021651,-0.03551168221,1
0.1168215635,0.1012998173,0.04768820842,-0.02705394997,1
0.1168215635,0.1045675534,0.05040140601,-0.0204506479,1
0.1168215635,0.1078352894,0.0524442815,-0.01417977654,1
0.1168215635,0.1111030254,0.05302847523,-0.01185305345,1
0.1168215635,0.1143707615,0.05352427334,-0.007108785025,1
0.1168215635,0.1176384975,0.05184269236,-0.003017817259,1
0.1200892996,0.006535472085,-0.03018824704,-0.03057332915,1
0.1200892996,0.009803208127,-0.02671677031,-0.03400770573,1
0.1200892996,0.01307094417,-0.02561145771,-0.03607184359,1
0.1200892996,0.01633868021,-0.02569837278,-0.03827121862,1
0.1200892996,0.01960641625,-0.02681749705,-0.03936243364,1
0.1200892996,0.0228741523,-0.02869916932,-0.04010516394,1
0.1200892996,0.02614188834,-0.03157047594,-0.03870391491,1
0.1200892996,0.02940962438,-0.034739093,-0.03850235065,1
0.1200892996,0.03267736042,-0.03641761837,-0.04064399827,1
0.1200892996,0.03594509647,-0.03947011486,-0.0405578848,1
0.1200892996,0.03921283251,-0.03834739343,-0.04240953198,1
0.1200892996,0.04248056855,-0.0379342047,-0.04423217912,1
0.1200892996,0.04574830459,-0.03823035762,-0.04767009873,1
0.1200892996,0.04901604064,-0.03545630325,-0.05304571404,1
0.1200892996,0.05228377668,-0.02971199736,-0.05239537455,1
0.1200892996,0.05555151272,-0.02278539164,-0.05686740857,1
0.1200892996,0.05881924876,-0.01900238153,-0.05741496912,1
0.1200892996,0.06208698481,-0.01327705023,-0.06246543894,1
0.1200892996,0.06535472085,-0.006639976267,-0.06615949409,1
0.1200892996,0.06862245689,-0.000557317789,-0.06609766145,1
0.1200892996,0.07189019293,0.004512623257,-0.0652549128,1
0.1200892996,0.07515792898,0.007333595144,-0.06490375895,1
0.1200892996,0.07842566502,0.01195416975,-0.06026438611,1
0.1200892996,0.08169340106,0.01808177454,-0.05729715516,1
0.1200892996,0.0849611371,0.02294667634,-0.05637903359,1
0.1200892996,0.08822887314,0.03072678012,-0.05041706019,1
0.1200892996,0.09149660919,0.0348869355,-0.04572019653,1
0.1200892996,0.09476434523,0.03888503699,-0.04089416691,1
0.1200892996,0.09803208127,0.04432678758,-0.03372897683,1
0.1200892996,0.1012998173,0.04699496255,-0.02717125273,1
0.1200892996,0.1045675534,0.04953288586,-0.020737784,1
0.1200892996,0.1078352894,0.05140418524,-0.0159260016,1
0.1200892996,0.1111030254,0.05285874468,-0.01153651966,1
0.1200892996,0.1143707615,0.05156907557,-0.008000275364,1
0.1200892996,0.1176384975,0.05004538732,-0.004532959542,1
0.1233570356,0.006535472085,-0.02542664296,-0.03309236946,1
0.1233570356,0.009803208127,-0.02263701239,-0.03587467075,1
0.1233570356,0.01307094417,-0.02147110089,-0.03693065339,1
0.1233570356,0.01633868021,-0.02109926478,-0.03918455561,1
0.1233570356,0.01960641625,-0.02137888492,-0.04121493745,1
0.1233570356,0.0228741523,-0.02293418663,-0.04231872275,1
0.1233570356,0.02614188834,-0.02584199987,-0.04139696406,1
0.1233570356,0.02940962438,-0.02846322874,-0.04198298741,1
0.1233570356,0.03267736042,-0.02962487786,-0.04190831051,1
0.1233570356,0.03594509647,-0.0325118895,-0.04360679383,1
0.1233570356,0.03921283251,-0.03180120302,-0.04628464172,1
0.1233570356,0.04248056855,-0.03178539751,-0.04703070815,1
0.1233570356,0.04574830459,-0.03130790782,-0.04962599794,1
0.1233570356,0.04901604064,-0.02959992554,-0.05342291937,1
0.1233570356,0.05228377668,-0.02644214308,-0.0544099683,1
0.1233570356,0.05555151272,-0.02243214114,-0.05649560579,1
0.1233570356,0.05881924876,-0.01971083352,-0.0596599161,1
0.1233570356,0.06208698481,-0.01318608506,-0.06133180091,1
0.1233570356,0.06535472085,-0.008786647534,-0.06343129435,1
0.1233570356,0.06862245689,-0.004054207317,-0.06492080711,1
0.1233570356,0.07189019293,0.00295760657,-0.06271800379,1
0.1233570356,0.07515792898,0.006007471607,-0.06511987582,1
0.1233570356,0.07842566502,0.0113223,-0.061263423,1
0.1233570356,0.08169340106,0.01778216293,-0.05748400052,1
0.1233570356,0.0849611371,0.02325860718,-0.05388779017,1
0.1233570356,0.08822887314,0.03058922736,-0.04852018844,1
0.1233570356,0.09149660919,0.03407253802,-0.04158442357,1
0.1233570356,0.09476434523,0.03970049414,-0.03746852846,1
0.1233570356,0.09803208127,0.04267821277,-0.03096305777,1
0.1233570356,0.1012998173,0.04590339698,-0.02517277553,1
0.1233570356,0.1045675534,0.04895527636,-0.01923364579,1
0.1233570356,0.1078352894,0.05079246697,-0.01414025726,1
0.1233570356,0.1111030254,0.05124289005,-0.0121731818,1
0.1233570356,0.1143707615,0.05030012928,-0.008636612714,1
0.1233570356,0.1176384975,0.04883529786,-0.007071638371,1
0.1266247716,0.006535472085,-0.02257387375,-0.03088461858,1
0.1266247716,0.009803208127,-0.02081796832,-0.03608369897,1
0.1266247716,0.01307094417,-0.02014184609,-0.03760252715,1
0.1266247716,0.01633868021,-0.01848481223,-0.0404724881,1
0.1266247716,0.01960641625,-0.01802837527,-0.04244249703,1
0.1266247716,0.0228741523,-0.01860567383,-0.04242709408,1
0.1266247716,0.02614188834,-0.0216126263,-0.04358167475,1
0.1266247716,0.02940962438,-0.02199435268,-0.04418809043,1
0.1266247716,0.03267736042,-0.02141969472,-0.0443087309,1
0.1266247716,0.03594509647,-0.0226530384,-0.04515569465,1
0.1266247716,0.03921283251,-0.02531352358,-0.04746825235,1
0.1266247716,0.04248056855,-0.02511564733,-0.049355562,1
0.1266247716,0.04574830459,-0.02394210127,-0.05174177454,1
0.1266247716,0.04901604064,-0.02134245197,-0.05283230299,1
0.1266247716,0.05228377668,-0.01928100431,-0.05397118745,1
0.1266247716,0.05555151272,-0.02015518876,-0.05816307983,1
0.1266247716,0.05881924876,-0.01513162057,-0.05936979932,1
0.1266247716,0.06208698481,-0.01294084399,-0.06117331798,1
0.1266247716,0.06535472085,-0.007016663516,-0.06176561699,1
0.1266247716,0.06862245689,-0.004635864066,-0.06273728399,1
0.1266247716,0.07189019293,0.002946305977,-0.06239598443,1
0.1266247716,0.07515792898,0.007047173602,-0.06085199101,1
0.1266247716,0.07842566502,0.01383917277,-0.05588538379,1
0.1266247716,0.08169340106,0.01993668774,-0.05374487753,1
0.1266247716,0.0849611371,0.02561521398,-0.05063144675,1
0.1266247716,0.08822887314,0.03041187335,-0.04717009138,1
0.1266247716,0.09149660919,0.03619698714,-0.0407747089,1
0.1266247716,0.09476434523,0.03935365315,-0.03630843709,1
0.1266247716,0.09803208127,0.04424115814,-0.02977229682,1
0.1266247716,0.1012998173,0.04624320785,-0.0232946206,1
0.1266247716,0.1045675534,0.04804926648,-0.01692558608,1
0.1266247716,0.1078352894,0.04954009806,-0.01350859351,1
0.1266247716,0.1111030254,0.04864849663,-0.01163011736,1
0.1266247716,0.1143707615,0.04875096367,-0.00984977292,1
0.1266247716,0.1176384975,0.04658641859,-0.009439002251,1
0.1298925077,0.006535472085,-0.02147863729,-0.02727612754,1
0.1298925077,0.009803208127,-0.02073278901,-0.03425801244,1
0.1298925077,0.01307094417,-0.01885868734,-0.03839757094,1
0.1298925077,0.01633868021,-0.01713607303,-0.04114981942,1
0.1298925077,0.01960641625,-0.01653865389,-0.04200402445,1
0.1298925077,0.0228741523,-0.01680387842,-0.0423462447,1
0.1298925077,0.02614188834,-0.01694415321,-0.04477093292,1
0.1298925077,0.02940962438,-0.01676174768,-0.04548219693,1
0.1298925077,0.03267736042,-0.0152942955,-0.04540579479,1
0.1298925077,0.03594509647,-0.01673232315,-0.0458320465,1
0.1298925077,0.03921283251,-0.01623303262,-0.04869194605,1
0.1298925077,0.04248056855,-0.01676313962,-0.04991787766,1
0.1298925077,0.04574830459,-0.0172318127,-0.05214706701,1
0.1298925077,0.04901604064,-0.01535355821,-0.05448167672,1
0.1298925077,0.05228377668,-0.0140005487,-0.05605819407,1
0.1298925077,0.05555151272,-0.01298785748,-0.05795364855,1
0.1298925077,0.05881924876,-0.009888868855,-0.05728459473,1
0.1298925077,0.06208698481,-0.006070405689,-0.05963051677,1
0.1298925077,0.06535472085,-0.004239905319,-0.06016492358,1
0.1298925077,0.06862245689,0.001396255428,-0.0614500278,1
0.1298925077,0.07189019293,0.005593309178,-0.05968581102,1
0.1298925077,0.07515792898,0.01052277416,-0.05785976629,1
0.1298925077,0.07842566502,0.01528740647,-0.05566506497,1
0.1298925077,0.08169340106,0.02168672802,-0.0533216493,1
0.1298925077,0.0849611371,0.02721521387,-0.0488678675,1
0.1298925077,0.08822887314,0.03248291557,-0.04569759048,1
0.1298925077,0.09149660919,0.03654677584,-0.03759741949,1
0.1298925077,0.09476434523,0.04087826268,-0.03386956485,1
0.1298925077,0.09803208127,0.04560475296,-0.02747642433,1
0.1298925077,0.1012998173,0.04725230907,-0.02060281412,1
0.1298925077,0.1045675534,0.04874100268,-0.01653277262,1
0.1298925077,0.1078352894,0.04894750268,-0.01453845676,1
0.1298925077,0.1111030254,0.0485557262,-0.01239791109,1
0.1298925077,0.1143707615,0.04804880327,-0.01165369919,1
0.1298925077,0.1176384975,0.04390033708,-0.008798745963,1
0.1331602437,0.006535472085,-0.02121644301,-0.02324976559,1
0.1331602437,0.009803208127,-0.01956276016,-0.03191447575,1
0.1331602437,0.01307094417,-0.01777248777,-0.03647198872,1
0.1331602437,0.01633868021,-0.01540913136,-0.03996298576,1
0.1331602437,0.01960641625,-0.01617642691,-0.04115109835,1
0.1331602437,0.0228741523,-0.01500911402,-0.04369596741,1
0.1331602437,0.02614188834,-0.01304322864,-0.04434783808,1
0.1331602437,0.02940962438,-0.01128485436,-0.04701624177,1
0.1331602437,0.03267736042,-0.01122189192,-0.04717716943,1
0.1331602437,0.03594509647,-0.01089586592,-0.04804946716,1
0.1331602437,0.03921283251,-0.008736355969,-0.04929443945,1
0.1331602437,0.04248056855,-0.01038067196,-0.05192933425,1
0.1331602437,0.04574830459,-0.01178608025,-0.05320118016,1
0.1331602437,0.04901604064,-0.008403320418,-0.05497183052,1
0.1331602437,0.05228377668,-0.009162373349,-0.05533282284,1
0.1331602437,0.05555151272,-0.007272570006,-0.05755478031,1
0.1331602437,0.05881924876,-0.003962695439,-0.05666144232,1
0.1331602437,0.06208698481,-0.001572648098,-0.05696340813,1
0.1331602437,0.06535472085,0.001873846372,-0.05798176733,1
0.1331602437,0.06862245689,0.004342885778,-0.05996324788,1
0.1331602437,0.07189019293,0.008854936574,-0.05791392071,1
0.1331602437,0.07515792898,0.0135800166,-0.05504737326,1
0.1331602437,0.07842566502,0.01815618501,-0.05296616876,1
0.1331602437,0.08169340106,0.02541438749,-0.05097056458,1
0.1331602437,0.0849611371,0.03122836729,-0.04671201486,1
0.1331602437,0.08822887314,0.03448797357,-0.04138099667,1
0.1331602437,0.09149660919,0.03860208483,-0.03555236158,1
0.1331602437,0.09476434523,0.04113054211,-0.03092508704,1
0.1331602437,0.09803208127,0.04458067983,-0.02542193605,1
0.1331602437,0.1012998173,0.04601199266,-0.02125950053,1
0.1331602437,0.1045675534,0.04707358571,-0.0175888152,1
0.1331602437,0.1078352894,0.04759635903,-0.0166366979,1
0.1331602437,0.1111030254,0.04597566621,-0.01225888705,1
0.1331602437,0.1143707615,0.04496503059,-0.01280561866,1
0.1331602437,0.1176384975,0.04096267158,-0.01128238496,1
0.1364279798,0.006535472085,-0.01862305128,-0.02439584399,1
0.1364279798,0.009803208127,-0.01981630901,-0.03115714428,1
0.1364279798,0.01307094417,-0.01824188119,-0.03383810462,1
0.1364279798,0.01633868021,-0.01592807959,-0.03923189762,1
0.1364279798,0.01960641625,-0.01451183893,-0.04039861397,1
0.1364279798,0.0228741523,-0.01261391285,-0.04322210086,1
0.1364279798,0.02614188834,-0.01144416083,-0.04396382276,1
0.1364279798,0.02940962438,-0.009895255761,-0.04643938306,1
0.1364279798,0.03267736042,-0.007494985756,-0.04862136846,1
0.1364279798,0.03594509647,-0.007584211874,-0.04950961684,1
0.1364279798,0.03921283251,-0.005154300169,-0.0513479746,1
0.1364279798,0.04248056855,-0.004504827243,-0.05108612356,1
0.1364279798,0.04574830459,-0.005158723989,-0.05303678496,1
0.1364279798,0.04901604064,-0.003188569462,-0.05490012117,1
0.1364279798,0.05228377668,-0.002035205263,-0.05702182516,1
0.1364279798,0.05555151272,-0.001138508668,-0.05773609146,1
0.1364279798,0.05881924876,0.002502646208,-0.0572428977,1
0.1364279798,0.06208698481,0.002104795715,-0.056586939,1
0.1364279798,0.06535472085,0.006973647155,-0.05646219402,1
0.1364279798,0.06862245689,0.01003514809,-0.05562027527,1
0.1364279798,0.07189019293,0.01295114346,-0.05627538971,1
0.1364279798,0.07515792898,0.01836233123,-0.05250142685,1
0.1364279798,0.07842566502,0.02262056939,-0.05028602344,1
0.1364279798,0.08169340106,0.02795640939,-0.04737630262,1
0.1364279798,0.0849611371,0.03312452431,-0.04366709019,1
0.1364279798,0.08822887314,0.03641799544,-0.03851257302,1
0.1364279798,0.09149660919,0.03957989865,-0.03183256862,1
0.1364279798,0.09476434523,0.04199133654,-0.02776735569,1
0.1364279798,0.09803208127,0.04382433818,-0.02392132253,1
0.1364279798,0.1012998173,0.04433244251,-0.02148318323,1
0.1364279798,0.1045675534,0.04443979192,-0.01810374958,1
0.1364279798,0.1078352894,0.04402457595,-0.01716862262,1
0.1364279798,0.1111030254,0.04248080918,-0.01445030916,1
0.1364279798,0.1143707615,0.04096062598,-0.01139794098,1
0.1364279798,0.1176384975,0.03611750867,-0.01228610662,1
0.1396957158,0.006535472085,-0.01893639253,-0.02254952057,1
0.1396957158,0.009803208127,-0.01823454976,-0.02864542205,1
0.1396957158,0.01307094417,-0.01801618318,-0.03199099101,1
0.1396957158,0.01633868021,-0.01622836156,-0.03568813784,1
0.1396957158,0.01960641625,-0.01354092371,-0.03917605733,1
0.1396957158,0.0228741523,-0.01140537105,-0.04256034177,1
0.1396957158,0.02614188834,-0.009726407388,-0.0451960082,1
0.1396957158,0.02940962438,-0.008263396768,-0.04638665583,1
0.1396957158,0.03267736042,-0.005623374468,-0.0491047997,1
0.1396957158,0.03594509647,-0.004353038297,-0.05007093126,1
0.1396957158,0.03921283251,-0.002359884681,-0.05222714393,1
0.1396957158,0.04248056855,-0.00272386909,-0.05247140866,1
0.1396957158,0.04574830459,-0.0004292312839,-0.05319555682,1
0.1396957158,0.04901604064,0.00367420486,-0.053953926,1
0.1396957158,0.05228377668,0.003057223699,-0.05511256068,1
0.1396957158,0.05555151272,0.003873269134,-0.05546447832,1
0.1396957158,0.05881924876,0.005813664076,-0.05608900924,1
0.1396957158,0.06208698481,0.00820171827,-0.056042542,1
0.1396957158,0.06535472085,0.01187933052,-0.05449345335,1
0.1396957158,0.06862245689,0.01424915147,-0.05408237408,1
0.1396957158,0.07189019293,0.01799090119,-0.05142829525,1
0.1396957158,0.07515792898,0.02216491356,-0.05023802094,1
0.1396957158,0.07842566502,0.02663668395,-0.04802786631,1
0.1396957158,0.08169340106,0.03105268775,-0.04491587716,1
0.1396957158,0.0849611371,0.03453007947,-0.04214791392,1
0.1396957158,0.08822887314,0.03690747381,-0.03678114775,1
0.1396957158,0.09149660919,0.04049184241,-0.03158232673,1
0.1396957158,0.09476434523,0.04098186848,-0.02744415725,1
0.1396957158,0.09803208127,0.04209806559,-0.022088683,1
0.1396957158,0.1012998173,0.04229036953,-0.02053252392,1
0.1396957158,0.1045675534,0.04188576044,-0.01900603856,1
0.1396957158,0.1078352894,0.04103605092,-0.0178797101,1
0.1396957158,0.1111030254,0.03892443723,-0.01513903622,1
0.1396957158,0.1143707615,0.03671251375,-0.01333724428,1
0.1396957158,0.1176384975,0.03327307247,-0.01419079008,1
0.1429634519,0.006535472085,-0.01034118752,-0.02016690892,1
0.1429634519,0.009803208127,-0.01773995573,-0.02694353589,1
0.1429634519,0.01307094417,-0.01546938548,-0.0320516531,1
0.1429634519,0.01633868021,-0.01404866734,-0.0334266687,1
0.1429634519,0.01960641625,-0.01364593516,-0.03774998776,1
0.1429634519,0.0228741523,-0.01085892606,-0.04109986234,1
0.1429634519,0.02614188834,-0.008844112336,-0.04307729041,1
0.1429634519,0.02940962438,-0.006158741077,-0.04607451628,1
0.1429634519,0.03267736042,-0.00533288306,-0.04813595092,1
0.1429634519,0.03594509647,-0.002260268573,-0.05051559134,1
0.1429634519,0.03921283251,-0.001287595336,-0.05060838703,1
0.1429634519,0.04248056855,0.001008583522,-0.05284964856,1
0.1429634519,0.04574830459,0.004085451744,-0.05235421682,1
0.1429634519,0.04901604064,0.00624373764,-0.05366118214,1
0.1429634519,0.05228377668,0.005756283357,-0.05468916955,1
0.1429634519,0.05555151272,0.007631804997,-0.0545851718,1
0.1429634519,0.05881924876,0.01058936815,-0.05457531949,1
0.1429634519,0.06208698481,0.01360449389,-0.05221143721,1
0.1429634519,0.06535472085,0.01643059968,-0.05204837286,1
0.1429634519,0.06862245689,0.01767502626,-0.05107886095,1
0.1429634519,0.07189019293,0.02139296596,-0.04870409062,1
0.1429634519,0.07515792898,0.02480886402,-0.04733692432,1
0.1429634519,0.07842566502,0.02951600373,-0.04520522708,1
0.1429634519,0.08169340106,0.03163157079,-0.04298633242,1
0.1429634519,0.0849611371,0.034824418,-0.03960313577,1
0.1429634519,0.08822887314,0.03696132344,-0.03521463125,1
0.1429634519,0.09149660919,0.03977649139,-0.03130518754,1
0.1429634519,0.09476434523,0.04052813081,-0.02542711883,1
0.1429634519,0.09803208127,0.03948141259,-0.020951207,1
0.1429634519,0.1012998173,0.04023618714,-0.02044002391,1
0.1429634519,0.1045675534,0.03883983087,-0.01996321758,1
0.1429634519,0.1078352894,0.03632925237,-0.01667465344,1
0.1429634519,0.1111030254,0.03611329455,-0.01528735683,1
0.1429634519,0.1143707615,0.03225917949,-0.011231,1
0.1429634519,0.1176384975,0.03171177735,-0.009505476513,1
0.1462311879,0.006535472085,-0.009405297948,-0.01588426066,1
0.1462311879,0.009803208127,-0.01561761881,-0.02497757472,1
0.1462311879,0.01307094417,-0.01597281219,-0.02955734562,1
0.1462311879,0.01633868021,-0.01474654311,-0.03393098673,1
0.1462311879,0.01960641625,-0.01376497641,-0.03416693156,1
0.1462311879,0.0228741523,-0.01148688914,-0.03831765765,1
0.1462311879,0.02614188834,-0.008911565997,-0.0408998582,1
0.1462311879,0.02940962438,-0.005811151501,-0.04294303873,1
0.1462311879,0.03267736042,-0.003936236279,-0.04489271586,1
0.1462311879,0.03594509647,-0.0009697304856,-0.04767192797,1
0.1462311879,0.03921283251,0.0004305794708,-0.04973796487,1
0.1462311879,0.04248056855,0.004117165903,-0.05048037696,1
0.1462311879,0.04574830459,0.005691575695,-0.05055264284,1
0.1462311879,0.04901604064,0.006429244714,-0.05085513454,1
0.1462311879,0.05228377668,0.008842465721,-0.05179271307,1
0.1462311879,0.05555151272,0.01225100098,-0.05295003733,1
0.1462311879,0.05881924876,0.01393433836,-0.05211091145,1
0.1462311879,0.06208698481,0.01524995295,-0.05103375929,1
0.1462311879,0.06535472085,0.01786341024,-0.0494663912,1
0.1462311879,0.06862245689,0.01926302155,-0.04845560904,1
0.1462311879,0.07189019293,0.02271061341,-0.04680530573,1
0.1462311879,0.07515792898,0.02607673407,-0.04521216614,1
0.1462311879,0.07842566502,0.02989629933,-0.0426760806,1
0.1462311879,0.08169340106,0.03158095227,-0.04061587616,1
0.1462311879,0.0849611371,0.03309261569,-0.03783472675,1
0.1462311879,0.08822887314,0.03486942702,-0.03430319028,1
0.1462311879,0.09149660919,0.03688047674,-0.02909447601,1
0.1462311879,0.09476434523,0.03713676411,-0.02664816318,1
0.1462311879,0.09803208127,0.03653199562,-0.02411780961,1
0.1462311879,0.1012998173,0.03638398649,-0.01975146775,1
0.1462311879,0.1045675534,0.03584781501,-0.01899861858,1
0.1462311879,0.1078352894,0.03318637563,-0.0153761842,1
0.1462311879,0.1111030254,0.02999968218,-0.01260141763,1
0.1462311879,0.1143707615,0.02746197784,-0.009741607173,1
0.1462311879,0.1176384975,0.02289468342,-0.0112061057,1
0.1494989239,0.006535472085,-0.01163180026,-0.01642327227,1
0.1494989239,0.009803208127,-0.01184131142,-0.02221983715,1
0.1494989239,0.01307094417,-0.01501330439,-0.02612097153,1
0.1494989239,0.01633868021,-0.01436654541,-0.03011494659,1
0.1494989239,0.01960641625,-0.0132748877,-0.03318258806,1
0.1494989239,0.0228741523,-0.009035592171,-0.03487000854,1
0.1494989239,0.02614188834,-0.007904798749,-0.03716045913,1
0.1494989239,0.02940962438,-0.006508104319,-0.03976566744,1
0.1494989239,0.03267736042,-0.003485310455,-0.04219185726,1
0.1494989239,0.03594509647,-0.0005796733675,-0.04463629479,1
0.1494989239,0.03921283251,0.0007139312163,-0.04627101313,1
0.1494989239,0.04248056855,0.002973845109,-0.04845636754,1
0.1494989239,0.04574830459,0.006521453294,-0.04741017289,1
0.1494989239,0.04901604064,0.006172249371,-0.0481515718,1
0.1494989239,0.05228377668,0.008849287449,-0.04906540657,1
0.1494989239,0.05555151272,0.01109175659,-0.04938808866,1
0.1494989239,0.05881924876,0.0142749473,-0.04901725018,1
0.1494989239,0.06208698481,0.01529334337,-0.04745465777,1
0.1494989239,0.06535472085,0.01969916772,-0.04729837325,1
0.1494989239,0.06862245689,0.02028363651,-0.04583521947,1
0.1494989239,0.07189019293,0.02218207778,-0.0439009053,1
0.1494989239,0.07515792898,0.02547809206,-0.04322480337,1
0.1494989239,0.07842566502,0.02860425527,-0.04044080775,1
0.1494989239,0.08169340106,0.02992892765,-0.03780383464,1
0.1494989239,0.0849611371,0.03141832256,-0.03424037707,1
0.1494989239,0.08822887314,0.03299286545,-0.03214057778,1
0.1494989239,0.09149660919,0.03352683625,-0.02786496792,1
0.1494989239,0.09476434523,0.03404151497,-0.02488552976,1
0.1494989239,0.09803208127,0.03469972134,-0.02259571625,1
0.1494989239,0.1012998173,0.03553284061,-0.01983461492,1
0.1494989239,0.1045675534,0.03210402408,-0.01698694807,1
0.1494989239,0.1078352894,0.02841732569,-0.01773315447,1
0.1494989239,0.1111030254,0.02649018031,-0.01318369692,1
0.1494989239,0.1143707615,0.02195736727,-0.0123789573,1
0.1494989239,0.1176384975,0.01847310344,-0.009765565684,1
0.15276666,0.006535472085,-0.01048709436,-0.01684141413,1
0.15276666,0.009803208127,-0.01537050669,-0.02099071814,1
0.15276666,0.01307094417,-0.01396748574,-0.0234085519,1
0.15276666,0.01633868021,-0.01413833863,-0.02725164997,1
0.15276666,0.01960641625,-0.01241060775,-0.02928688013,1
0.15276666,0.0228741523,-0.01107119348,-0.03126142388,1
0.15276666,0.02614188834,-0.009611355593,-0.03412596531,1
0.15276666,0.02940962438,-0.005973035871,-0.03783471931,1
0.15276666,0.03267736042,-0.003942727215,-0.03979550487,1
0.15276666,0.03594509647,-0.0005317281348,-0.04150792171,1
0.15276666,0.03921283251,0.0003717619529,-0.04349553426,1
0.15276666,0.04248056855,0.002270512607,-0.04411945942,1
0.15276666,0.04574830459,0.004884903619,-0.04445021682,1
0.15276666,0.04901604064,0.006185589448,-0.04581202779,1
0.15276666,0.05228377668,0.00987919823,-0.04657096654,1
0.15276666,0.05555151272,0.01187491392,-0.046744299,1
0.15276666,0.05881924876,0.0141030109,-0.04653409021,1
0.15276666,0.06208698481,0.01684169557,-0.04569151366,1
0.15276666,0.06535472085,0.01829732977,-0.04532223195,1
0.15276666,0.06862245689,0.02063139045,-0.04261542911,1
0.15276666,0.07189019293,0.02344166688,-0.04163205759,1
0.15276666,0.07515792898,0.02519105997,-0.04079588751,1
0.15276666,0.07842566502,0.02656707303,-0.03880686595,1
0.15276666,0.08169340106,0.02727304214,-0.03555867439,1
0.15276666,0.0849611371,0.02900886879,-0.03155950984,1
0.15276666,0.08822887314,0.02981388543,-0.03086700117,1
0.15276666,0.09149660919,0.02980348515,-0.02789042759,1
0.15276666,0.09476434523,0.03015408657,-0.025098045,1
0.15276666,0.09803208127,0.02898573147,-0.02299868126,1
0.15276666,0.1012998173,0.03210944479,-0.0219816753,1
0.15276666,0.1045675534,0.02920572863,-0.01951840486,1
0.15276666,0.1078352894,0.02527770404,-0.0156664041,1
0.15276666,0.1111030254,0.02121301944,-0.01291560598,1
0.15276666,0.1143707615,0.01761162766,-0.01047120825,1
0.15276666,0.1176384975,0.01444011966,-0.01266266627,1
0.156034396,0.006535472085,-0.01376463075,-0.01805728886,1
0.156034396,0.009803208127,-0.01204787289,-0.02064072351,1
0.156034396,0.01307094417,-0.01045646314,-0.02082319438,1
0.156034396,0.01633868021,-0.01163108535,-0.02236245597,1
0.156034396,0.01960641625,-0.01000155562,-0.02430464536,1
0.156034396,0.0228741523,-0.009086331904,-0.02865687351,1
0.156034396,0.02614188834,-0.01067671464,-0.03154075649,1
0.156034396,0.02940962438,-0.005277384613,-0.03330782667,1
0.156034396,0.03267736042,-0.001862790621,-0.03599773756,1
0.156034396,0.03594509647,-0.002396161317,-0.03639300362,1
0.156034396,0.03921283251,0.0004258784105,-0.03836406821,1
0.156034396,0.04248056855,0.0007387104171,-0.04074433358,1
0.156034396,0.04574830459,0.002410592315,-0.04252298235,1
0.156034396,0.04901604064,0.005127237167,-0.04252824399,1
0.156034396,0.05228377668,0.008663219701,-0.04178883403,1
0.156034396,0.05555151272,0.01082884482,-0.04316610274,1
0.156034396,0.05881924876,0.01410562666,-0.04322299388,1
0.156034396,0.06208698481,0.01409193129,-0.04345144685,1
0.156034396,0.06535472085,0.01718468905,-0.04124989441,1
0.156034396,0.06862245689,0.0189661416,-0.04039345131,1
0.156034396,0.07189019293,0.02251737254,-0.03960829154,1
0.156034396,0.07515792898,0.0230992446,-0.03943832291,1
0.156034396,0.07842566502,0.0240417586,-0.03740987825,1
0.156034396,0.08169340106,0.0259371173,-0.03566448259,1
0.156034396,0.0849611371,0.02601366544,-0.03153072945,1
0.156034396,0.08822887314,0.02791508467,-0.02885425863,1
0.156034396,0.09149660919,0.0275664982,-0.02572563194,1
0.156034396,0.09476434523,0.0278945463,-0.02341674687,1
0.156034396,0.09803208127,0.02634768623,-0.02485413196,1
0.156034396,0.1012998173,0.02621499358,-0.02018732722,1
0.156034396,0.1045675534,0.02113447872,-0.01587560544,1
0.156034396,0.1078352894,0.01996589878,-0.01425153132,1
0.156034396,0.1111030254,0.01892118212,-0.01335878452,1
0.156034396,0.1143707615,0.01669404354,-0.009429480269,1
0.156034396,0.1176384975,0.01610143678,-0.01349203192,1
